Id	norm.dF4Ur1	norm.dF4Ur2	norm.dF4Ur3	norm.dF4Mr1	norm.dF4Mr2	norm.dF4Mr3	norm.dF4M40r1	norm.dF4M40r2	norm.dF4M40r3
1110004E09Rik	62	26	44	103	55	83	117	111	97
1110038B12Rik	297	166	198	493	444	416	791	898	633
1110059E24Rik	279	419	232	119	185	112	90	161	112
1190007I07Rik	94	55	44	62	103	60	100	141	109
1500004A13Rik	11	23	9	4	6	4	0	10	1
1500011K16Rik	59	18	22	60	35	25	70	86	38
1600014C10Rik	485	283	521	146	144	206	104	96	141
1700008J07Rik	116	55	73	83	80	79	130	136	119
1700012D16Rik	40	24	38	22	6	6	7	0	10
1700015C17Rik	18	21	21	11	10	7	3	5	3
1700028N14Rik	33	38	45	15	29	21	8	25	9
1700029H14Rik	19	12	12	2	1	3	1	20	0
1700034H15Rik	25	16	8	14	14	17	22	25	13
1700041G16Rik	8	10	12	1	1	6	0	5	0
1700065D16Rik	2	5	1	4	1	6	10	15	18
1810032O08Rik	141	136	67	263	301	164	384	651	211
1810034E14Rik	33	14	22	4	9	3	2	10	1
1810058I24Rik	540	179	190	368	244	352	450	177	359
2010109I03Rik	39	19	18	12	12	14	13	0	17
2010309G21Rik	43	37	74	13	30	28	15	20	35
2310001H17Rik	124	132	185	62	82	100	49	50	95
2310001K20Rik	1	3	11	1	1	3	0	0	0
2410002F23Rik	741	624	507	1060	990	865	1330	1180	1119
2510016D11Rik	29	22	33	14	6	6	8	0	1
2610318N02Rik	19	15	5	35	46	32	42	76	31
2700038G22Rik	77	92	131	234	199	320	289	227	496
2700046G09Rik	8	4	7	11	6	11	9	10	9
2810013P06Rik	257	144	119	110	90	73	74	177	64
2810025M15Rik	97	40	41	76	71	27	94	116	42
2810429I04Rik	71	67	96	34	27	32	16	35	9
2810455O05Rik	11	19	30	13	14	17	11	0	14
2900026A02Rik	49	25	42	107	102	135	30	45	72
2900089D17Rik	9	14	12	45	42	42	32	45	24
3110082I17Rik	112	49	54	250	135	126	349	303	235
4632428C04Rik	29	27	21	6	8	1	3	5	8
4833407H14Rik	74	27	44	17	10	17	11	5	13
4833413G10Rik	48	38	41	28	20	35	22	25	27
4833422M21Rik	44	88	66	24	25	24	6	15	17
4930426D05Rik	418	180	243	57	56	45	24	10	12
4930432B10Rik	3	5	5	8	3	13	9	0	12
4930523C07Rik	2066	2388	2799	1115	1309	1219	1081	661	1116
4930570N18Rik	17	14	16	9	13	11	5	0	5
4930594M22Rik	6	17	24	19	28	20	26	25	43
4930597L12Rik	73	46	78	36	13	22	11	5	12
4933406I18Rik	86	31	59	18	15	22	9	0	8
4933421A08Rik	6	0	5	20	6	14	28	30	33
5033430I15Rik	4	2	8	7	2	4	15	10	10
5430416N02Rik	109	175	140	216	272	206	259	338	311
5830416I19Rik	6	22	21	2	6	10	4	5	3
5830432E09Rik	40	57	59	23	34	24	13	15	9
9430020K01Rik	15	23	33	28	34	56	31	45	63
9930014A18Rik	32	12	9	27	29	10	51	35	27
9930111J21Rik1	240	586	388	67	159	152	43	55	42
9930111J21Rik2	252	1049	1157	75	291	352	38	419	143
A130048G24Rik	164	302	350	100	107	101	39	50	29
A230005M16Rik	12	3	3	14	8	10	20	0	9
A230050P20Rik	350	211	313	452	340	448	590	323	524
A330009N23Rik	6	4	7	19	9	15	35	15	24
A430035B10Rik	110	84	136	26	34	35	14	10	27
A430046D13Rik	24	26	30	8	13	8	8	0	5
A430057M04Rik	61	28	28	74	42	39	90	40	54
A430072P03Rik	1	0	3	18	11	28	18	5	8
A430078G23Rik	1797	1924	1104	175	335	204	45	96	24
A430093F15Rik	22	24	44	318	214	277	252	131	243
A530032D15Rik	50	83	59	113	182	104	84	172	82
A530083M17Rik	191	122	246	82	45	73	33	0	31
A630023P12Rik	3	4	9	0	2	1	0	10	0
A630033H20Rik	92	250	250	78	135	164	29	45	89
A930006K02Rik	29	17	21	5	10	7	5	25	6
AA467197	9	4	18	16	15	14	62	91	132
Aaas	472	294	298	460	391	362	560	429	488
Aaed1	385	274	275	144	156	177	130	91	96
Aars	1278	865	902	1873	1498	1553	2138	1670	1857
AB124611	1187	501	416	131	139	135	80	20	36
Abca1	7671	5030	6225	3893	3228	2178	2478	1084	754
Abca3	927	711	709	431	424	397	433	288	285
Abca6	11	49	25	3	4	1	0	15	1
Abcb1b	67	139	145	412	488	381	608	515	703
Abcc1	687	917	772	1368	1283	1069	1849	2759	1583
Abcd1	999	625	558	213	260	152	137	177	82
Abcf2	665	400	371	833	629	604	1026	827	809
Abcg1	227	104	169	23	22	39	32	20	50
Abcg3	37	63	50	10	12	15	9	15	5
Abhd14a	55	32	18	71	42	45	88	50	35
Abhd15	87	40	15	12	6	6	4	10	6
Abhd17b	583	826	502	314	388	333	258	338	259
Abhd18	67	112	103	34	47	45	24	66	40
Abi3	1722	594	838	255	133	183	127	45	50
Ablim1	4498	5328	5579	2681	3142	3041	1759	1796	1171
AC061963.1	33	17	16	3	2	3	2	20	3
AC117232.5	1	2	4	9	7	11	10	0	9
AC122379.2	8	14	11	6	4	11	3	0	4
AC123705.1	31	51	81	17	13	25	11	0	15
AC123705.2	20	59	94	17	15	25	8	0	19
AC123705.3	22	36	51	8	9	20	6	5	3
AC124413.3	17	11	5	1	2	3	1	0	0
AC125206.3	13	17	29	6	7	8	2	0	3
AC125351.1	264	258	250	85	80	60	63	35	28
AC127581.1	26	24	24	2	10	8	4	10	6
AC140264.2	38	38	44	21	27	8	10	5	0
AC151730.1	34	143	1601	16	31	741	5	25	340
AC151971.1	6	16	13	4	2	1	2	10	4
AC151971.10	36	51	86	30	32	41	29	25	37
AC153536.3	23	26	71	29	26	35	9	0	6
AC159308.6	7	7	16	3	6	4	2	15	9
AC160051.2	9	36	29	22	36	24	11	10	9
AC163637.2	6	1	0	4	2	4	6	0	3
Acacb	5	6	4	11	6	6	18	55	10
Acap1	3988	2261	1898	1717	1410	1293	1096	651	640
Accs	212	191	164	90	111	72	91	121	56
Ache	9	9	45	9	6	42	10	15	40
Acot11	43	22	24	14	6	17	11	15	8
Acot7	77	39	40	200	105	119	285	212	152
Acp5	1117	502	246	41	76	46	27	35	18
Acpp	9	18	15	8	6	6	13	20	15
Acsf2	554	365	276	134	142	83	82	61	51
Acss1	1115	806	675	188	189	178	60	35	51
Actn1	307	209	335	1942	1579	1272	1440	787	874
Acy1	279	101	65	250	181	114	338	232	179
Adam19	2342	2427	2617	1106	1134	886	876	605	745
Adam6b	9	20	16	9	6	7	5	0	5
Adamts13	2	3	1	12	13	15	42	91	29
Adamts6	122	310	453	292	468	510	76	76	96
Adamts7	31	5	36	58	29	107	93	81	394
Adap1	106	78	55	139	103	60	480	535	314
Adarb1	90	70	71	357	346	258	233	141	165
Adcy7	4012	3223	2551	2086	1975	1438	971	525	406
Add1	2952	2425	2194	1480	1477	1265	854	555	663
Add3	2055	1952	1929	750	803	657	439	383	406
Adgre1	55	63	110	44	54	63	37	61	24
Adgre5	1717	1131	1271	1104	1053	1281	814	358	753
Adgrg1	109	56	184	303	138	392	338	106	457
Adgrl2	230	184	223	205	176	268	343	378	470
Adk	78	104	95	173	158	118	249	197	169
Adm	55	18	51	184	110	230	598	166	516
Ado	490	300	275	672	520	421	684	595	457
Adora2a	200	129	94	210	214	131	417	580	289
Adsl	622	400	326	829	647	594	989	1064	734
Aen	335	388	238	684	811	490	918	928	654
Aff3	2733	1902	2474	1231	983	1135	1131	545	970
Aff4	1962	2639	2862	1893	2044	2418	1630	1160	1991
Agbl1	5	7	12	0	1	0	0	40	0
Ago4	284	337	244	132	166	176	66	50	72
Agpat1	1085	388	391	735	515	510	1123	459	652
Agpat5	93	177	164	209	262	229	265	262	353
Agrn	203	297	227	415	493	300	657	1458	360
Ahr	159	90	296	2389	1529	2454	3103	1629	3250
Ahsa1	572	366	466	634	565	597	859	575	668
AI427809	14	3	5	2	3	0	1	0	5
AI467606	1003	377	294	138	168	93	99	76	37
AI506816	489	637	467	1256	1507	1098	1653	1382	1651
Aim1	422	474	770	162	183	410	109	81	243
Aimp2	193	121	104	297	207	212	360	156	299
Airn	2	5	8	22	27	51	44	35	107
Ak6	67	42	67	105	87	83	142	91	190
Akap1	17	42	37	103	133	105	163	222	183
Akap13	5504	5893	6223	2982	2913	3015	3088	2169	3352
Akr1b10	174	183	176	78	89	73	47	30	36
AL591582.1	53	58	59	23	31	15	22	35	29
Alcam	626	792	617	1461	1346	1448	1018	832	1145
Aldh18a1	565	445	380	924	731	778	1052	590	851
Aldoc	203	41	55	29	21	18	16	50	10
Alg3	119	90	110	221	189	219	323	252	349
Alg8	124	125	125	258	243	261	326	267	354
Alg9	259	222	162	367	396	359	541	504	564
Aloxe3	2	0	0	13	6	10	5	25	3
Alpl	204	69	243	309	155	226	439	172	359
Amer1	165	326	256	126	176	171	82	55	118
Amigo2	238	162	310	376	213	549	572	494	746
Ampd2	414	305	219	574	469	323	705	696	383
Ampd3	264	199	289	78	89	153	68	66	121
Amz1	110	37	44	192	51	77	211	91	55
Amz2	194	146	181	91	113	67	99	55	87
Angptl4	4	6	1	12	17	7	16	25	3
Ank	355	165	230	625	424	553	556	303	397
Ankrd13b	22	13	20	95	67	67	96	106	97
Ankrd13d	278	177	177	44	65	52	38	55	22
Ankrd33b	523	542	551	909	921	913	1679	2426	1974
Ankrd44	1750	2348	2474	570	746	722	252	277	198
Ankrd55	16	4	7	2	2	7	0	10	0
Ano6	839	821	853	386	435	375	306	282	261
Anp32b	537	708	749	1336	1335	1651	1624	1639	2340
Anp32b-ps1	93	40	25	184	87	98	223	177	156
Antxr2	173	124	151	105	77	124	86	81	119
Anxa1	111	203	169	62	157	136	63	55	115
Anxa6	1130	624	585	224	164	184	176	136	79
Aoc2	107	139	116	284	309	226	330	323	238
Ap1m2	20	8	5	5	4	4	7	10	0
Ap3m2	229	166	244	97	92	110	61	86	56
Apbb2	110	65	81	38	40	44	18	25	9
Apex1	568	306	289	816	702	695	1265	989	1102
Appl2	195	198	169	121	128	83	99	66	75
Aprt	616	208	121	594	415	233	797	736	313
Arhgap15	584	1181	1096	217	344	338	116	121	138
Arhgap18	62	99	114	28	26	67	15	30	19
Arhgap24	480	455	865	1475	893	1689	1916	1170	2356
Arhgap25	1303	917	1030	630	466	646	407	303	441
Arhgap26	1195	1249	1250	737	507	649	463	454	376
Arhgap27os3	523	393	687	205	164	254	120	126	151
Arhgap31	473	456	450	252	303	249	164	101	197
Arhgap33	123	67	79	22	28	34	19	55	29
Arhgap4	3141	2025	1930	769	777	609	509	348	244
Arhgap45	18548	6948	6679	3391	2690	2231	2383	1821	1302
Arhgap6	93	41	92	27	21	18	17	20	12
Arhgdib	5927	2243	2819	852	868	1043	648	368	689
Arhgef1	13001	5934	5220	3370	2636	2129	2700	2154	1217
Arhgef10	41	19	13	5	2	1	2	30	1
Arhgef11	756	719	780	472	479	434	461	388	397
Arhgef18	3617	2933	1885	421	636	350	265	232	147
Arhgef3	2075	1565	1609	851	1014	750	712	565	590
Arid3b	1422	1175	1138	636	541	423	546	272	349
Arntl	323	395	449	215	234	253	157	166	167
Arrb1	777	644	586	247	245	260	104	146	132
Art4	13	2	17	2	2	7	0	0	12
Asah2	41	96	119	29	46	81	29	35	45
Ascl4	32	4	22	2	1	1	1	0	1
Asna1	553	218	273	578	428	525	726	252	526
Asns	33	21	69	57	88	121	90	66	174
Asph	23	26	58	63	56	90	25	55	56
Atad3a	478	458	230	1046	1079	549	1374	1342	769
Atf4	2173	1009	1175	2217	1800	2171	2817	1740	2862
Atic	591	688	463	1149	1081	819	1506	1150	1238
Atp10d	667	789	657	333	399	272	286	298	285
Atp1a1	3052	2088	1753	6087	4452	3878	6061	3248	3780
Atp2a3	5151	4109	2421	1619	1782	833	879	787	308
Atp4a	1	2	1	19	4	17	38	40	31
Atp5b	4466	2645	2118	5505	4600	3713	7217	5417	4640
Atp5k	111	30	70	75	56	74	82	96	87
Atp6v1f	593	237	177	308	365	256	490	308	285
Atp7b	9	8	17	19	11	39	19	35	26
Atp8a1	768	1270	1425	486	644	664	362	348	396
Atxn1	161	104	228	312	209	352	556	383	831
Atxn7l1	364	360	545	198	195	257	118	71	127
Auh	280	350	316	217	218	156	199	182	141
Aven	112	90	66	227	162	145	307	257	204
Avil	24	34	21	4	11	1	3	40	4
Axl	102	37	145	880	417	920	1466	1352	2103
B230377A18Rik	0	0	0	5	2	4	4	0	4
B3galt6	127	69	51	136	143	70	224	641	139
B3gnt5	1215	2269	1945	1214	1738	1243	853	615	630
B3gnt8	1190	357	261	45	43	15	15	10	5
B430306N03Rik	52	75	102	27	53	65	22	40	52
B4galt1	1197	937	1120	1874	1554	1952	2472	1770	2816
B930036N10Rik	28	51	33	85	109	60	110	81	111
Bag1	544	232	263	650	410	437	801	600	539
Bag2	28	19	34	49	42	62	60	45	55
Bank1	4106	5357	5229	1006	1056	767	605	232	247
Basp1	213	51	131	374	134	324	1232	989	1385
Batf	193	51	77	174	87	111	309	126	216
Bax	863	301	209	705	573	386	1011	1559	420
Baz2a	2589	2316	2697	1652	1472	1758	1522	1352	1640
Baz2b	1458	1869	2504	1091	1052	1501	872	615	1180
Bbc3	243	107	58	166	157	72	244	282	68
Bbs9	267	301	285	121	109	97	90	66	100
BC003965	237	153	151	270	276	180	314	832	222
BC043934	83	57	46	14	14	10	8	0	8
BC048403	145	128	123	245	198	218	326	166	295
BC106179	43	55	45	26	33	34	12	5	14
Bcar3	3049	1888	2181	4190	3119	3450	4648	2053	3468
Bcat1	78	102	70	600	502	518	576	348	511
Bcl11a	3005	3979	4046	1165	1248	1160	649	489	630
Bcl2	674	1128	842	364	476	371	216	156	219
Bcl2a1b	34	36	20	58	53	60	50	121	133
Bcl2l1	269	175	190	868	624	562	1078	1195	829
Bcl2l11	745	1058	786	1932	1990	1918	1374	747	1349
Bcl7a	1937	1491	1920	714	660	769	520	393	446
Bcl9l	2751	1139	1253	615	326	357	509	484	254
Bend3	194	250	236	869	723	765	804	641	694
Bend5	368	292	184	104	124	77	73	81	52
Bex3	152	28	94	142	75	159	84	81	75
Bfsp2	122	46	41	15	17	11	8	5	5
Bhlhe40	382	354	433	1863	1368	1862	3832	1907	4009
Bid	423	363	323	575	486	508	738	631	612
Bmf	454	468	359	249	311	286	91	111	101
Bmp1	13	18	17	26	30	24	46	111	36
Bmp2k	1626	2433	2368	996	1242	1161	799	1190	1098
Bola2	626	124	117	404	273	209	570	459	279
Bola3	148	97	95	172	158	161	198	126	194
Bop1	866	509	358	1090	792	571	1505	792	827
Bphl	93	41	57	30	22	25	24	45	24
Brwd1	1121	2064	1389	1177	1241	1063	1122	1180	1240
Bspry	47	12	11	117	76	35	85	126	55
Bst2	226	69	173	149	109	187	183	222	144
Btf3	396	386	250	387	435	345	461	393	374
Btg2	4353	2809	2506	1419	1387	1275	644	338	383
Btk	1587	1496	1625	934	973	1090	642	333	639
Btnl2	93	60	54	40	31	35	30	20	15
Bysl	241	168	147	654	409	374	805	525	534
Bzw2	269	265	257	716	691	594	888	651	771
C130013H08Rik	54	30	48	95	70	84	77	30	60
C130089K02Rik	221	186	292	220	124	222	89	25	66
C1qbp	725	406	370	1499	992	983	2035	953	1311
C2	4	10	3	16	7	13	13	25	27
C230037L18Rik	51	43	49	34	33	31	17	50	17
C230096K16Rik	120	125	95	39	60	56	23	86	78
C430002N11Rik	0	7	8	11	11	6	14	15	20
CAAA01194877.1	224	234	366	92	80	136	42	61	38
Cacna1d	468	253	403	182	128	156	129	141	132
Cacna1e	2378	2573	2450	308	367	293	134	227	119
Cacna1h	221	314	211	42	105	58	22	35	18
Cacna1i	1893	1245	813	26	45	32	17	35	6
Cacna2d4	13	5	8	2	2	3	3	45	5
Cad	1486	1300	767	3579	2733	1578	4719	3808	2181
Calhm2	884	595	355	202	228	117	112	66	42
Camk1d	508	537	606	176	215	230	134	197	239
Camk2a	32	29	41	5	12	7	8	40	5
Camk2d	1752	2496	2292	1499	1823	1699	1029	968	1049
Capns2	3	7	4	1	1	1	0	10	0
Caprin2	84	119	141	66	84	97	53	50	59
Capsl	1	0	1	4	6	11	9	40	43
Card11	2076	1361	1377	924	772	757	755	444	515
Card6	1304	1399	1722	445	561	647	257	277	358
Carmil1	661	635	889	196	202	300	178	197	181
Carns1	1478	665	621	181	198	111	94	126	33
Casp4	179	283	405	569	781	944	449	540	897
Casp8	664	711	800	370	424	445	352	288	381
Casp9	420	304	265	189	162	132	147	121	92
Cast	695	967	981	619	668	799	488	383	567
Cat	669	481	577	220	192	237	153	116	187
Cbarp	225	60	40	300	165	119	176	96	56
Cbfa2t3	561	458	454	263	194	225	226	151	199
Cblb	991	1094	1468	638	618	708	653	424	813
Cbx6	471	341	256	128	160	119	112	146	107
Ccdc114	52	40	54	19	16	15	14	30	12
Ccdc115	124	103	65	132	163	154	171	182	156
Ccdc116	41	37	28	110	60	52	133	96	86
Ccdc125	161	185	164	71	81	81	44	50	55
Ccdc69	136	78	70	38	28	29	18	5	14
Ccdc82	313	735	734	290	420	486	193	388	323
Ccdc85c	71	29	25	130	92	73	180	172	70
Ccdc86	335	230	206	660	481	418	829	555	532
Ccdc88c	2582	1909	1992	1011	953	760	958	812	822
Ccl4	19	5	25	48	35	53	21	20	20
Ccne1	35	19	44	10	7	34	5	15	24
Ccng2	913	997	1090	412	406	560	201	207	210
Ccpg1	43	87	73	19	37	31	16	25	9
Ccr5	19	12	48	82	44	152	80	71	102
Ccr6	1495	1446	1153	3108	1807	1465	2561	847	958
Ccr9	9	5	40	89	87	381	117	50	263
Cct3	1071	1174	774	2244	2374	1594	3167	2729	2241
Cct5	2009	1426	1211	2768	2168	1835	3576	2921	2708
Cct6a	831	964	995	2207	1993	2227	3038	4358	3765
Cct7	1435	1002	867	1922	1826	1505	2702	2562	2074
Cd1d1	176	132	84	28	26	11	21	25	14
Cd2	862	367	444	93	92	108	41	0	28
Cd22	8046	6947	5592	1714	2254	1629	736	469	342
Cd24a	813	1115	1723	537	731	1205	293	252	749
Cd27	1	1	0	1	3	4	3	5	0
Cd320	110	43	29	138	106	70	168	182	88
Cd36	353	531	528	194	225	167	183	131	262
Cd37	10625	5533	5203	3486	2856	2442	3353	2527	2034
Cd38	601	1020	789	295	470	317	145	111	102
Cd3eap	135	46	87	201	95	153	282	166	193
Cd46	83	108	143	52	76	69	48	61	97
Cd5	38	7	26	158	53	107	113	15	50
Cd53	1746	3029	2613	1267	2342	1890	805	933	1164
Cd55	1970	3301	4222	456	740	879	192	197	339
Cd55b	12	44	22	3	5	4	1	15	1
Cd63	9	10	13	42	38	65	49	217	64
Cd63-ps	9	15	4	25	29	10	50	50	19
Cd79a	12678	3914	3513	1765	1462	1187	1311	530	480
Cd83	2123	1881	1167	4894	3716	2850	5603	2673	3418
Cd99l2	136	98	75	35	35	28	33	30	20
Cdc25b	856	588	557	106	125	133	48	20	63
Cdc34b	72	2	29	35	5	44	68	10	73
Cdc42ep3	169	91	92	27	32	65	15	61	58
Cdc42se2	1330	1380	1094	618	671	461	532	383	426
Cdca7	131	194	121	377	356	246	488	600	326
Cdca7l	63	91	81	136	152	159	196	257	158
Cdh17	63	56	100	58	24	65	40	20	42
Cdh24	87	54	50	165	141	103	113	161	61
Cdk19	704	898	919	316	417	470	247	252	288
Cdk4	1139	532	552	1762	1201	1246	2403	1402	1602
Cdk5r1	75	77	81	189	224	143	318	540	382
Cdk6	488	1410	1497	2428	3443	4173	3374	5367	6779
Cdkl1	51	56	48	2	1	0	0	0	3
Cdkn1a	85	60	67	120	148	132	257	333	202
Cdkn1b	1097	1178	1134	404	535	571	287	318	397
Cdkn2d	316	102	57	35	29	20	14	20	12
Cds2	1409	1643	1612	1095	1136	952	956	1024	864
Cdv3-ps	27	37	50	59	73	56	66	30	97
Ceacam1	387	536	494	56	98	95	11	10	14
Cecr6	36	12	7	93	16	25	14	10	1
Celf2	1691	2618	3002	1557	1653	1993	1490	1054	1523
Cenpa	421	399	426	203	228	267	150	136	158
Cenpv	12	4	8	30	18	21	19	35	10
Cep250	892	753	853	461	405	480	307	499	202
Cep89	209	205	243	102	102	115	80	86	86
Cep97	255	480	354	100	175	122	81	111	101
Cerk	6807	3220	3790	2034	1537	1705	1055	565	604
Cerkl	43	28	61	26	29	51	26	25	24
Cers4	483	532	355	227	243	216	178	141	143
Cers6	133	384	301	396	537	459	213	192	288
Chac1	43	26	21	64	61	72	110	96	148
Chchd1	204	87	92	177	138	117	266	161	165
Chchd4	232	156	137	397	318	295	509	469	392
Chka	544	912	1090	2351	2353	3089	2304	2003	2603
Chpf	431	116	84	603	312	198	550	282	190
Chst15	1308	1457	1323	513	639	431	332	313	225
Ciart	26	17	29	88	91	84	94	76	111
Cinp	188	164	136	258	243	233	321	247	319
Cish	30	11	29	69	29	52	82	20	63
Cklf	203	408	426	193	254	254	159	227	225
Clcf1	1808	940	1084	651	454	504	331	207	242
Clec11a	49	27	24	52	42	29	47	30	35
Clec12a	47	41	38	5	10	25	15	50	26
Clic4	753	1034	1179	1204	1149	1584	1594	2053	2139
Clns1a	353	304	264	519	469	392	675	701	541
Clpb	216	251	203	381	389	264	457	358	351
Cluh	1424	950	742	3229	2114	1803	3896	3208	2105
Cmah	1604	3245	2180	597	1087	675	223	282	189
Cmpk2	47	29	400	4	13	218	1	35	127
Cmss1	55	26	18	74	65	62	133	81	91
Cmtm8	19	17	13	22	13	48	12	20	17
Cnksr3	176	123	81	52	46	52	26	40	14
Cnn3	869	957	647	332	510	295	317	288	234
Cnp	4897	1801	1535	575	502	392	318	313	165
Cnr2	1251	942	786	335	440	289	255	187	176
Cnrip1	39	38	30	21	12	22	22	25	20
Cntnap1	1	1	4	1	4	1	4	30	9
Cobll1	503	585	854	216	213	376	120	86	161
Col23a1	51	17	38	2	4	17	3	25	4
Col27a1	2330	863	1265	109	94	121	73	101	40
Comtd1	166	44	41	129	80	69	160	121	66
Coprs	15	6	9	19	11	18	23	40	14
Cops6	641	294	316	659	443	442	809	373	567
Cops7a	529	310	255	744	540	594	1010	842	686
Coq4	145	43	41	144	77	76	188	121	105
Cox10	177	130	157	283	243	230	366	237	243
Cox6c	360	263	280	325	327	383	361	272	503
Cox7b	227	238	185	270	353	260	321	237	295
Cplx2	266	171	466	16	18	63	16	35	27
Cpm	1160	638	1215	169	146	230	131	136	151
Cpne5	40	7	5	1	2	6	0	40	1
Cpt1a	690	917	471	302	454	268	150	126	101
Cracr2a	77	81	99	42	46	51	38	10	26
Crat	264	107	147	91	68	95	59	25	49
Creb3l2	333	358	453	291	242	298	207	192	178
Crip1	303	87	70	52	20	42	36	15	35
Crisp3	161	261	147	103	135	101	20	10	5
Crlf3	795	1038	828	480	567	468	387	530	401
Crls1	115	90	102	198	172	184	253	575	236
Crybg3	554	697	676	266	309	347	198	227	233
Csf1	294	168	411	837	856	869	444	277	470
Csnk1g3	1047	1192	1270	741	816	840	512	393	740
Cst7	3	2	5	33	18	22	54	20	63
Cstb	287	49	154	281	160	406	497	172	615
CT009769.1	3	8	4	0	1	0	1	10	0
Ctdsp2	1605	997	873	450	559	385	249	323	144
Ctnnal1	75	75	110	66	47	83	54	45	54
Ctps	134	240	174	547	598	444	689	863	754
Ctps2	578	692	746	321	411	430	229	222	222
Ctse	194	132	415	27	50	250	12	35	183
Cux1	1960	1716	2482	1335	1185	1484	1189	958	1220
Cxxc5	930	343	397	322	204	159	114	50	55
Cyb561a3	1747	1593	1088	703	912	482	621	419	242
Cyc1	1205	330	297	823	512	414	1152	1392	413
Cyp27a1	973	415	343	71	68	35	25	50	17
Cyp27b1	2	8	12	19	21	10	28	50	18
Cyp2d22	29	33	7	3	6	1	1	0	0
Cyp39a1	55	93	82	15	18	28	8	40	3
Cyp4f18	1894	714	531	82	102	67	48	40	31
Cyth4	1238	568	483	351	276	230	311	172	157
Cytip	1873	2142	1983	1549	1341	1361	1125	424	840
D030028A08Rik	54	112	96	273	262	222	301	474	353
D2hgdh	218	246	220	106	176	133	71	121	70
D330041H03Rik	201	233	184	84	135	114	66	61	64
D830025C05Rik	20	13	12	5	6	8	3	0	3
D930048N14Rik	130	49	70	31	31	34	19	30	12
Dancr	43	44	44	120	120	114	160	161	167
Dapp1	493	626	531	240	265	222	210	166	210
Dcaf12	778	795	520	459	497	340	288	343	271
Dck	261	566	569	90	168	218	60	45	144
Dclk2	648	618	376	212	266	108	161	197	83
Dctd	53	51	41	178	135	142	287	192	275
Dctpp1	224	85	36	238	187	84	374	177	120
Ddb2	436	279	306	156	143	153	112	61	92
Ddit3	197	99	143	270	265	329	257	192	317
Ddx21	1000	1613	1700	3746	3585	3974	4623	3682	5846
Ddx25	28	15	13	7	3	6	2	25	1
Ddx27	709	548	558	1311	968	1069	1564	1054	1425
Ddx31	186	231	199	406	354	338	465	348	442
Ddx51	495	398	289	652	563	463	698	752	621
Ddx56	623	362	265	758	616	438	942	787	585
Ddx58	315	458	1793	106	138	1024	60	96	639
Ddx60	32	53	436	17	17	233	11	71	189
Def6	1303	507	420	233	189	154	213	333	82
Degs1	424	333	459	549	446	750	773	464	1160
Dennd1c	1280	974	1055	446	487	456	302	197	248
Dennd3	1138	787	593	212	191	117	183	288	100
Dennd5b	955	1837	1744	1003	1368	1487	616	550	590
Dgat2	14	13	15	15	11	27	16	25	14
Dgka	2600	1973	1991	312	439	393	136	227	82
Dgkd	5417	4631	3835	3092	2994	2330	2428	1831	1310
Dgkh	130	140	144	528	361	496	285	166	198
Dhrs13	37	12	9	49	33	24	72	66	40
Dhrs3	27	24	24	49	65	66	117	116	75
Diras2	88	144	49	13	28	10	6	10	3
Dll1	38	21	34	8	8	20	3	10	5
Dnah8	156	238	298	48	84	125	14	61	31
Dnajc15	100	56	54	88	82	69	114	66	125
Dnajc28	49	39	34	18	17	11	15	45	19
Dnase1l3	281	139	462	554	402	824	824	373	985
Dnase2a	837	335	271	1101	770	659	1107	958	722
Dnlz	399	184	157	398	263	246	447	444	250
Dnph1	4	3	1	16	11	3	27	55	14
Dock2	7494	7407	9040	4828	4111	4978	4103	2547	3900
Dock8	3461	3144	3714	1748	1798	1775	1593	1079	1288
Dot1l	1545	1122	1308	3065	2225	2605	3849	3168	3459
Dpagt1	219	193	185	289	281	243	311	217	254
Dph1	244	130	99	286	216	156	304	172	178
Dph2	353	197	151	416	353	246	473	499	265
Dpp4	698	1250	1751	222	332	524	149	141	280
Dpp7	330	177	170	703	597	550	700	489	445
Dpy30	148	88	102	134	127	171	174	166	193
Dpysl2	975	962	815	687	764	614	388	262	266
Dse	26	30	53	15	23	24	9	35	18
Dstyk	312	386	379	382	394	351	259	232	288
Dus4l	62	90	95	162	161	218	207	116	325
Dusp14	21	7	20	91	67	74	110	66	162
Dusp4	865	376	436	2450	1468	1347	2773	3047	1531
E130215H24Rik	68	34	22	4	8	3	1	0	1
E230016M11Rik	17	17	12	4	3	17	2	5	5
E2f2	524	405	531	84	86	139	147	121	208
Ebf1	3357	4029	5181	2045	1840	3055	1523	1367	2229
Ebna1bp2	480	284	352	845	517	799	1125	898	1218
Ece2	124	49	37	162	127	81	194	177	128
Edaradd	83	156	136	62	76	107	125	101	158
Eef1d	1094	626	569	1112	966	767	1405	1367	1035
Eef1e1	105	104	161	238	233	365	357	282	702
Egfl6	2	2	4	4	2	14	9	10	8
Egr1	730	909	900	1648	1764	2556	497	388	751
Egr2	208	240	269	1847	1812	1736	964	661	739
Egr3	557	502	548	1483	1149	1990	637	298	723
Ehd1	1155	782	665	2342	1833	1641	3024	2371	2179
Ehd3	220	200	145	78	92	104	68	50	38
Ehd4	411	384	490	263	283	329	205	161	219
Eif2b3	130	137	197	365	335	354	452	398	524
Eif3b	1974	1343	1071	3515	2548	2094	4459	4393	2882
Eif3d	1635	892	751	1857	1408	1165	2195	1140	1558
Eif3g	1445	423	463	1290	769	747	1733	1130	1082
Eif4a-ps4	438	700	445	1095	1616	1189	1455	2078	1751
Eif4a1	386	788	454	863	1471	952	1040	2068	1376
Eif5a	2851	1568	1131	2850	2724	2150	4491	2890	3234
Eif6	1010	399	240	844	731	511	1354	1690	647
Elac2	439	306	284	738	531	559	812	419	627
Elmod3	404	205	211	112	103	108	99	40	54
Elp5	465	257	238	629	531	494	885	560	626
Emc4	122	78	50	128	131	107	190	136	110
Eml6	46	45	51	29	21	29	37	81	23
Emp1	12	5	25	36	42	138	57	76	189
Emp3	976	282	391	231	155	178	467	187	410
Enc1	75	87	51	60	102	48	81	136	59
Eng	39	9	40	13	11	22	13	20	26
Eno2	25	9	28	97	94	111	172	166	244
Enpp1	208	289	246	167	172	204	88	81	81
Entpd1	151	130	232	39	29	58	18	15	36
Entpd5	283	407	372	209	272	271	140	111	147
Epb41	1480	1308	1627	918	782	1071	701	393	765
Epb41l1	13	1	5	6	6	10	13	40	14
Epha1	19	9	3	4	4	1	1	10	0
Epha2	16	48	38	58	85	58	77	96	61
Epop	186	31	20	323	124	94	463	414	139
Eps8	70	107	121	56	75	70	47	81	58
Eps8l1	1317	370	354	512	217	152	348	141	93
Epsti1	246	177	512	93	79	261	70	40	201
Ergic1	336	313	290	740	666	604	950	419	742
Ero1lb	1005	1652	1245	382	618	507	316	404	291
Erp27	59	83	88	16	32	17	18	0	12
Esr1	31	29	30	22	22	21	3	20	5
Etnk1	1853	4239	4627	1786	2686	3447	1421	1861	2898
Ets1	7397	9007	8195	2397	3086	2488	1495	1150	1118
Evl	3339	1256	1491	598	539	571	270	298	203
Exosc1	204	160	177	299	241	275	352	192	401
Exosc2	253	306	185	392	419	274	482	651	396
Extl1	48	24	8	8	6	11	10	30	3
F730043M19Rik	10	26	17	14	20	13	18	20	10
F730311O21Rik	1068	1080	1026	131	143	131	64	45	43
F930017D23Rik	2	7	20	2	6	4	1	25	9
Faah	95	37	108	66	30	41	19	25	17
Fabp5	8	13	7	30	45	51	77	101	83
Fam102b	116	130	115	102	94	108	72	91	84
Fam105a	62	52	45	41	32	53	22	35	23
Fam111a	615	1167	1780	479	544	812	322	358	491
Fam114a1	40	40	32	21	20	14	11	0	8
Fam117a	467	304	322	124	152	184	72	66	115
Fam129a	204	308	338	249	387	300	393	575	564
Fam129c	2121	1491	1220	1300	1223	768	1855	2749	1583
Fam136a	192	158	104	325	351	225	412	237	355
Fam160a1	38	93	38	158	192	60	282	313	120
Fam162a	174	82	91	270	209	204	312	293	328
Fam167a	404	272	442	2571	1925	2791	3075	1826	3137
Fam168a	440	511	477	227	266	229	186	141	128
Fam20c	64	28	15	78	76	49	211	328	152
Fam212b	22	49	29	93	146	56	137	212	64
Fam213a	257	141	191	596	427	637	504	272	495
Fam214a	935	1282	1122	563	705	591	209	197	181
Fam46a	181	231	469	48	87	139	23	45	78
Fam46c	50	76	160	588	331	594	1202	641	1300
Fam63a	596	384	360	129	163	93	115	126	86
Fam65a	465	275	314	133	117	133	99	76	68
Fam65b	3786	3944	3138	1974	2247	1726	1155	893	751
Fam69a	312	335	342	228	228	263	155	91	146
Fam78a	393	228	169	98	88	70	68	81	36
Fam83e	24	12	18	51	64	38	65	66	40
Fam83g	280	140	137	697	408	366	1076	868	615
Fancm	293	415	432	232	247	285	194	393	219
Fas	31	40	61	29	53	44	89	101	130
Fasn	3530	2098	1875	6775	3784	3609	8063	4530	4410
Fbxl20	851	1144	932	478	555	514	367	530	323
Fbxo32	223	206	129	53	63	56	38	66	23
Fbxw13	1	14	5	0	2	0	0	20	1
Fcer2a	5965	4466	3293	948	1354	830	1399	1670	1371
Fcgr2b	1610	1536	1640	977	891	1015	715	303	689
Fcgrt	186	79	41	4	4	1	3	10	0
Fcrla	6285	2350	3121	1623	1172	1358	691	318	415
Fdxacb1	113	121	121	199	216	124	208	232	220
Fen1	327	184	189	386	310	247	419	525	332
Fes	484	210	202	83	69	100	50	101	40
Ffar1	636	678	503	124	178	117	65	30	19
Fgd2	1892	1167	812	76	68	55	62	96	43
Fgd3	1560	1054	861	554	561	425	356	232	227
Fkbp1a	539	395	405	779	638	597	990	631	843
Fkbp4	1315	667	485	1598	1198	873	2055	2033	1173
Fli1	2317	1625	2361	674	583	930	507	252	553
Flna	5228	4925	4326	2053	2286	1831	2097	1937	1755
Flt1	26	34	54	109	153	103	41	50	20
Flt3l	184	116	111	45	46	42	17	50	17
Fmnl1	5093	2957	2498	1323	1078	916	1062	741	634
Fmo5	129	113	108	41	42	42	17	10	24
Fnbp1	3610	3560	4221	7827	5737	7366	11329	8398	11385
Fntb	154	106	83	168	163	121	215	131	167
Focad	140	232	191	390	396	336	506	343	400
Fosl1	18	3	4	45	23	51	60	20	75
Fosl2	114	169	102	487	296	397	465	247	363
Foxo1	2977	2378	2771	1324	1120	1307	999	863	870
Foxo4	462	297	210	156	177	122	132	136	78
Foxred2	378	279	186	840	570	469	872	550	524
Fry	610	637	853	71	72	132	15	146	40
Fryl	2022	2656	3475	1858	2055	2417	1586	1271	2027
Fstl3	7	7	9	2	0	1	1	15	1
Ftl1	470	231	236	392	472	382	413	202	299
Ftsj3	566	644	684	1633	1374	1358	2034	2492	1974
Fyn	631	564	554	1391	935	983	654	328	359
Fzd9	7	1	0	40	20	20	48	30	13
Gaa	700	251	227	941	532	479	1009	444	420
Gab3	41	35	51	10	11	25	4	0	13
Gabbr1	816	872	729	419	474	431	307	313	224
Ganc	380	415	495	167	188	229	139	101	116
Gapdh	160	105	86	234	198	169	223	257	165
Gapt	88	45	40	20	24	17	11	20	14
Gar1	120	108	231	387	239	541	479	424	826
Gars	773	692	664	1315	1198	1274	1676	1700	1821
Gart	708	654	510	1673	1354	1050	2267	1407	1458
Gatsl2	276	187	197	106	112	74	90	66	49
Gbp2	149	193	366	30	64	181	31	86	161
Gbp3	204	380	403	47	144	88	51	187	105
Gbp4	199	425	995	88	171	428	63	146	369
Gbp7	74	118	448	17	28	232	7	10	189
Gbp9	343	779	1840	117	239	657	66	121	432
Gcat	55	22	17	47	43	15	74	15	18
Gcnt1	731	551	1159	394	293	510	433	298	561
Gcsh	57	52	34	135	184	69	170	237	148
Gdap10	104	251	507	448	572	786	517	363	879
Gdap2	137	207	172	99	95	145	88	86	112
Gdf11	401	330	243	159	154	119	77	71	46
Gdi1	1312	1176	1224	706	805	784	671	847	696
Gdi2	4318	4317	5752	3040	3084	3527	2456	2038	2942
Gemin5	551	477	469	1130	947	848	1281	984	1167
Gfi1	53	24	58	504	421	463	265	187	201
Gga2	1781	1768	1340	808	878	744	726	631	475
Ggact	80	37	42	80	59	60	94	55	58
Ggta1	386	611	506	215	298	242	208	131	197
Gimap1	1369	817	516	436	401	211	373	454	198
Gimap1os	107	96	108	18	26	35	14	45	36
Gimap3	1352	1255	672	402	493	244	397	313	208
Gimap6	3128	2653	2652	1448	1375	1497	1298	641	1302
Gimap7	167	143	106	21	16	14	9	40	12
Git2	1936	1894	2448	1486	1400	1855	1180	923	1526
Gla	45	34	46	113	71	105	123	242	184
Glipr1	88	90	106	67	114	160	182	151	286
Glrx	81	53	98	27	29	41	17	30	22
Glt28d2	3	16	20	28	33	17	43	166	56
Gltscr1	1696	972	1458	748	602	760	631	363	488
Gltscr1l	990	959	1190	585	569	616	487	308	491
Gm10039	146	36	57	119	75	90	163	86	86
Gm10110	98	173	104	195	380	222	250	484	305
Gm10169	37	45	18	65	148	58	91	91	78
Gm1043	141	83	79	45	52	27	25	50	6
Gm10522	1	1	0	1	0	0	0	15	0
Gm10561	1	0	0	2	2	1	3	5	1
Gm10644	55	27	25	16	8	8	17	10	13
Gm10676	70	53	73	30	22	15	19	25	22
Gm10728	13	7	38	19	6	11	7	0	8
Gm11342	4	8	8	2	2	4	0	0	0
Gm11344	15	35	22	7	9	3	2	0	0
Gm11345	4	3	1	0	1	0	1	0	0
Gm11346	84	97	82	6	10	7	2	10	0
Gm11560	250	108	136	354	196	234	441	96	227
Gm11690	9	16	5	0	0	0	0	10	0
Gm11737	64	79	90	62	43	51	52	20	37
Gm11738	9	1	0	1	0	1	1	10	0
Gm11998	16	23	36	6	6	6	4	10	4
Gm12159	10	5	9	0	0	1	1	0	0
Gm12596	9	4	4	1	2	6	2	0	1
Gm12669	100	91	87	163	151	152	190	136	238
Gm12693	22	19	24	46	31	34	38	111	86
Gm12934	1	16	8	2	1	7	2	0	1
Gm13067	22	27	11	23	45	10	38	76	37
Gm13077	21	5	16	12	2	21	13	5	12
Gm13091	31	57	51	4	7	20	1	0	3
Gm13092	82	29	30	102	78	83	127	55	144
Gm13194	4	8	4	3	0	1	1	0	5
Gm13461	146	104	51	327	226	84	388	353	171
Gm13552	24	11	12	31	22	11	38	10	24
Gm13919	79	70	87	18	17	18	4	0	4
Gm13920	5	9	20	1	3	1	0	5	0
Gm14029	42	11	44	19	9	25	47	5	63
Gm14048	89	71	99	173	124	166	194	45	219
Gm14137	24	3	26	4	1	4	1	10	0
Gm14270	61	33	18	55	77	38	86	50	68
Gm14277	32	14	11	54	28	34	57	20	41
Gm14539	51	40	21	31	59	74	46	45	70
Gm14548	1	0	0	0	1	3	0	0	0
Gm14567	13	17	13	13	19	22	19	15	26
Gm15163	36	35	30	63	49	38	72	55	68
Gm15210	575	350	265	733	633	503	1008	842	716
Gm15228	13	13	41	2	4	3	2	15	1
Gm15326	70	75	90	63	47	53	28	25	24
Gm15382	16	31	9	10	9	8	5	5	3
Gm15411	124	98	81	33	33	10	20	20	12
Gm15448	6	0	0	0	0	0	1	5	0
Gm15513	13	7	5	2	3	1	0	0	0
Gm15544	47	2	11	58	10	27	87	10	41
Gm15675	919	1711	1541	179	315	264	66	76	79
Gm15711	17	18	15	5	6	7	7	10	6
Gm15712	18	29	29	16	9	8	13	0	10
Gm15787	6	9	13	6	9	6	4	5	8
Gm15850	19	20	15	4	10	7	9	10	6
Gm15880	33	10	17	8	7	13	3	0	0
Gm15920	47	28	22	50	31	49	54	50	87
Gm16014	31	63	51	21	29	25	15	10	3
Gm16083	8	12	11	2	2	8	2	0	4
Gm16092	5	5	26	0	2	3	0	5	0
Gm16155	16	8	17	2	1	11	10	0	1
Gm16214	14	9	18	1	2	3	1	15	0
Gm16248	4	6	11	0	0	1	0	0	0
Gm16299	12	6	9	12	15	7	15	5	9
Gm16314	43	22	26	45	46	42	68	96	47
Gm16341	28	59	41	19	20	17	8	0	5
Gm16418	10	1	1	9	9	6	8	15	0
Gm16574	2	0	0	4	3	7	11	15	8
Gm16575	12	8	15	3	4	8	3	0	1
Gm16638	65	85	99	33	28	37	27	25	18
Gm16675	165	181	191	73	113	83	44	101	35
Gm17017	3	11	17	2	2	3	0	10	0
Gm17024	9	38	26	50	56	56	71	429	93
Gm17055	1	1	0	1	2	0	3	10	9
Gm17709	19	11	5	43	35	18	66	45	12
Gm17745	24	5	15	3	5	3	3	0	4
Gm18407	2	11	7	3	2	3	2	0	0
Gm1966	1410	2798	7401	591	887	2667	477	272	1614
Gm19721	240	243	226	115	99	150	112	106	88
Gm20429	127	136	144	48	61	52	35	66	38
Gm20506	101	185	185	53	50	72	32	15	31
Gm20559	550	1352	1665	234	546	854	92	76	238
Gm20692	4	3	4	4	6	4	1	0	0
Gm20696	675	823	956	453	409	569	301	156	410
Gm21975	41	63	100	28	33	59	21	20	17
Gm22107	29	20	12	13	8	15	8	10	5
Gm23887	3	10	1	4	10	4	2	0	5
Gm24060	24	47	33	13	15	22	14	10	6
Gm2447	2	2	4	0	0	0	0	5	0
Gm25360	10	23	15	15	25	17	19	15	28
Gm25483	13	31	36	5	11	7	8	0	3
Gm26517	14	9	8	3	5	3	3	0	0
Gm26528	41	44	65	24	14	13	9	0	4
Gm26740	281	445	437	77	128	138	36	50	82
Gm26826	7	18	29	13	20	20	30	61	65
Gm26947	8	12	17	22	31	37	9	10	8
Gm26971	26	35	18	14	16	13	16	5	6
Gm27782	3	7	1	15	13	11	17	55	4
Gm28053	12	13	15	1	1	1	0	0	1
Gm28285	4	8	4	12	25	21	15	30	40
Gm28496	10	2	3	13	7	4	22	40	17
Gm28693	129	154	154	59	65	60	34	25	17
Gm2962	72	129	178	48	71	80	18	10	37
Gm2a	1541	731	749	616	471	428	610	212	349
Gm30948	7	2	4	0	0	0	0	5	0
Gm31749	11	5	8	4	3	3	1	10	8
Gm3436	88	17	12	74	41	20	101	35	58
Gm3531	358	282	263	281	379	337	361	318	369
Gm36378	9	6	13	0	1	6	1	0	0
Gm36936	1	6	12	1	2	6	3	0	4
Gm36955	26	73	54	11	21	20	10	5	14
Gm37082	255	539	894	171	206	338	130	161	206
Gm37109	15	24	16	4	6	4	2	0	5
Gm37132	21	27	40	20	13	29	8	20	20
Gm37159	7	39	26	49	69	74	20	30	42
Gm37192	14	23	9	0	0	1	0	5	0
Gm37261	18	44	57	6	9	21	3	5	10
Gm37271	7	1	1	7	5	1	4	10	1
Gm37283	8	7	12	4	1	7	2	0	4
Gm37342	43	40	66	56	35	70	15	15	14
Gm37347	1	9	9	34	52	38	61	86	61
Gm37370	24	71	62	19	23	25	5	20	3
Gm37474	341	470	751	165	157	256	120	71	203
Gm37519	34	34	49	22	22	27	17	111	19
Gm37593	138	208	248	150	147	169	66	66	87
Gm37649	1	5	0	2	3	1	2	0	4
Gm37691	83	113	165	54	56	72	31	30	22
Gm37699	97	100	129	40	48	49	25	40	27
Gm37795	23	99	57	50	128	77	148	282	153
Gm37802	147	359	338	78	141	142	44	71	70
Gm37844	52	13	11	3	2	0	0	0	0
Gm37881	5	3	5	24	19	29	36	0	45
Gm37939	13	18	13	15	6	17	1	0	3
Gm37943	64	211	264	54	65	79	22	25	46
Gm38032	5	5	4	1	2	4	1	5	3
Gm38055	33	35	71	45	30	55	17	20	15
Gm38056	35	52	54	23	11	34	11	10	13
Gm3807	26	2	12	11	6	7	14	15	13
Gm38118	5	9	12	5	2	6	1	0	0
Gm38150	3	4	3	11	16	6	17	0	20
Gm38156	6	16	37	11	18	18	9	25	14
Gm38171	4	9	28	3	2	4	3	10	3
Gm38220	61	123	139	57	70	77	38	30	55
Gm38292	172	261	352	93	68	101	52	25	96
Gm38346	554	522	689	239	183	237	152	71	158
Gm38365	295	389	469	281	250	254	172	81	180
Gm38381	8	8	9	4	6	4	3	0	0
Gm38386	4	7	1	20	13	24	3	15	8
Gm4035	1	4	1	0	1	0	0	0	0
Gm42528	68	191	114	69	113	105	29	10	28
Gm42529	9	14	9	1	6	1	4	0	3
Gm42722	22	47	53	5	9	11	5	15	5
Gm42735	13	29	53	15	18	22	9	10	19
Gm42737	29	26	36	14	21	18	12	15	10
Gm42778	22	10	9	7	5	1	8	0	3
Gm42819	193	289	318	88	109	83	79	81	73
Gm42820	156	122	160	50	42	35	47	25	43
Gm42835	83	17	45	62	52	79	83	15	77
Gm43004	10	11	15	1	0	0	2	15	0
Gm43182	12	7	4	6	5	13	8	40	10
Gm43196	30	107	143	23	35	42	9	35	17
Gm43197	161	459	525	69	195	233	25	25	75
Gm43290	70	136	143	53	71	72	16	35	23
Gm43291	587	642	822	238	309	291	227	151	298
Gm43323	7	5	15	54	31	115	62	35	77
Gm43380	17	37	63	5	9	3	5	0	6
Gm43411	13	25	50	94	90	161	103	156	212
Gm43413	14	15	20	22	32	21	30	96	60
Gm43585	3	3	5	12	19	27	14	0	19
Gm43591	8	2	3	0	0	0	0	0	0
Gm43761	31	45	20	13	18	15	9	20	4
Gm43819	62	55	100	17	13	20	23	10	23
Gm43931	22	11	36	6	6	13	2	5	5
Gm44086	73	77	120	45	40	79	26	10	59
Gm44116	10	19	17	30	24	42	29	35	45
Gm44198	63	40	88	16	13	10	7	0	13
Gm4430	58	34	30	60	57	32	74	146	38
Gm44775	116	103	100	23	21	15	14	5	12
Gm44891	145	260	272	87	124	84	53	61	66
Gm44944	29	16	26	0	2	0	0	0	0
Gm45055	32	24	16	4	2	7	0	0	1
Gm45151	6	16	28	10	4	6	5	5	6
Gm45153	357	280	322	433	246	350	304	106	208
Gm45206	95	135	141	110	77	95	68	50	47
Gm45503	19	13	11	29	29	35	26	5	38
Gm45548	553	291	481	56	54	81	53	40	54
Gm45552	315	143	140	6	12	6	0	0	1
Gm45606	189	77	94	15	14	22	8	5	4
Gm45620	68	24	41	4	10	3	2	25	5
Gm45715	2	4	7	2	5	8	1	0	3
Gm45745	104	89	129	13	31	38	9	5	12
Gm45802	68	48	119	216	187	315	286	197	443
Gm45803	2	1	9	10	9	17	19	5	27
Gm45867	22	40	44	15	21	24	2	5	0
Gm45894	60	65	57	41	38	29	33	25	29
Gm4759	864	2211	3060	543	768	1363	475	424	995
Gm4799	275	30	66	179	63	122	243	55	151
Gm4869	4	7	7	19	18	18	23	15	33
Gm5106	6	5	1	28	24	20	44	61	15
Gm5281	301	302	334	67	65	20	38	20	9
Gm5297	75	29	54	166	71	122	238	40	183
Gm5540	197	76	128	34	37	45	33	10	22
Gm5809	7	1	3	11	7	7	13	0	8
Gm5812	176	151	100	340	424	234	460	641	364
Gm5837	70	59	65	153	100	128	203	151	184
Gm5913	195	95	128	342	141	204	460	237	291
Gm5914	67	37	33	15	15	17	10	15	6
Gm6377	28	136	124	319	539	646	203	106	339
Gm6415	27	1	18	24	3	21	24	15	22
Gm6419	13	18	20	28	24	29	25	0	35
Gm6637	8	6	4	18	17	22	36	40	52
Gm6776	12	13	22	63	43	176	45	25	192
Gm7332	70	38	26	93	79	37	144	398	38
Gm7390	13	18	9	39	39	22	43	40	41
Gm7666	62	71	17	90	135	20	120	96	50
Gm7730	55	37	11	56	78	31	88	61	35
Gm7809	60	45	54	49	32	62	43	20	40
Gm8394	53	63	24	66	87	51	86	96	65
Gm8995	1859	4999	8048	1167	2273	4132	741	898	2240
Gm9770	176	72	48	46	42	31	22	10	20
Gm9825	133	61	124	175	107	178	192	96	207
Gm9835	273	125	139	25	30	34	17	45	20
Gm9967	44	31	41	21	14	18	7	0	5
Gmfg	309	290	187	37	58	37	19	55	13
Gna15	559	148	195	79	39	45	52	15	32
Gnb1l	94	29	44	96	80	49	123	61	41
Gng2	432	538	721	134	175	236	78	71	93
Gng4	22	6	32	374	138	344	802	318	787
Gnl3	244	393	437	1102	1101	1352	1369	1503	2303
Gns	2970	1967	2609	5380	3890	4990	5479	3344	4675
Golm1	469	282	515	219	146	211	170	106	148
Gpat3	131	127	151	62	94	125	32	66	50
Gpatch4	92	103	203	353	269	413	413	736	657
Gpd1l	1208	989	974	415	449	403	308	156	213
Gphn	346	348	370	573	552	656	698	444	892
Gpr137b	131	137	107	57	74	63	65	71	63
Gpr137b-ps	161	172	103	87	85	86	77	71	73
Gpr146	171	141	92	14	28	44	7	5	20
Gpr155	203	290	292	96	147	88	46	30	47
Gpr171	692	542	558	473	496	479	253	151	164
Gpr176	4	1	0	4	9	8	4	10	6
Gpr18	837	426	457	186	165	150	130	76	119
Gpr19	120	48	46	24	31	22	22	61	23
Gpt2	45	59	32	88	143	91	92	146	78
Gramd1b	175	154	176	114	128	121	80	106	79
Grap2	849	740	706	138	196	174	119	91	129
Grasp	92	17	33	257	68	125	376	111	132
Grhl1	42	29	46	203	126	191	195	151	215
Grk6	4043	2248	1564	1119	1005	650	920	1079	364
Grn	929	478	627	1886	1166	1570	2393	1327	1480
Grpel1	386	212	190	423	342	376	521	469	388
Grwd1	468	251	164	762	565	329	1069	615	385
Gsap	762	506	960	279	182	330	264	192	342
Gsn	586	171	124	101	71	73	52	40	32
Gsto1	141	56	84	196	119	192	235	111	196
Gtf2f1	483	249	356	603	409	612	699	363	811
Gtf2h4	294	126	81	262	166	146	340	398	152
Gtse1	60	65	66	94	78	73	131	161	107
Gypc	150	148	279	210	202	302	290	247	478
H2-DMa	3939	1091	977	695	542	459	690	404	340
H2-DMb1	1300	953	721	473	428	354	366	272	181
H2-DMb2	6150	2841	1924	1582	1403	925	1516	873	647
H2-Eb2	1136	1230	1341	915	843	772	706	464	597
H2-Oa	2940	602	632	318	240	239	211	101	114
H2-Ob	9789	5841	4932	2489	2514	2130	1462	1125	934
H2-T24	280	189	966	41	52	414	32	25	185
H3f3aos	127	79	91	39	40	35	34	71	27
Haao	1252	569	516	274	239	136	216	293	116
Havcr1	38	54	81	176	157	247	189	111	378
Hck	164	110	168	17	31	55	22	30	26
Hcn3	24	11	17	62	43	32	69	61	60
Hcrtr2	34	52	48	32	54	39	8	15	13
Hdgf	1301	621	758	1842	1360	1365	2630	1967	2125
Heatr1	808	1769	1357	3412	3714	3242	3646	2931	4235
Heatr3	209	251	228	446	407	347	580	706	535
Heca	624	974	874	451	610	583	327	383	427
Hecw2	1	9	7	1	6	7	0	61	0
Helz2	7210	5507	9638	2577	2554	5462	2038	1544	3340
Hepacam2	340	207	141	30	35	10	4	20	4
Herc3	498	717	976	305	418	452	351	444	374
Hexb	943	784	693	249	275	222	139	126	102
Hhat	35	54	42	26	19	13	17	10	3
Hhex	657	448	441	150	181	142	53	40	22
Hip1r	4027	2203	1863	1909	1333	1248	745	600	371
Hist1h2bf	89	28	24	15	13	25	8	0	14
Hist2h2be	116	113	104	42	61	49	24	20	28
Hist3h2a	78	52	50	32	32	31	17	10	27
Hivep2	1608	2085	2633	1528	1775	2213	1010	661	1509
Hivep3	479	631	1021	3854	3062	4576	2177	832	2772
Hk2	108	189	197	460	446	331	649	827	556
Hlcs	410	262	268	211	182	117	244	227	119
Hmcn2	2	5	3	10	16	7	23	50	6
Hmga1	201	148	116	253	333	212	312	262	305
Hmgb1-ps8	87	223	272	46	63	94	18	10	38
Hmgn3	83	79	127	113	94	177	132	106	185
Hnf1b	43	28	71	16	8	17	4	15	12
Hnrnpab	1967	1176	1563	3553	2138	3332	4523	4358	4832
Hook2	146	69	73	249	153	154	293	272	176
Hpdl	9	4	1	18	12	10	20	0	8
Hpgds	95	64	168	499	365	810	339	136	617
Hrh2	69	49	90	18	18	24	10	15	12
Hsd11b1	25	15	18	6	7	6	1	0	8
Hsd17b11	457	382	471	176	197	289	149	116	197
Hsdl2	104	117	168	56	80	94	52	61	89
Hsp90ab1	8444	8066	8267	17771	16021	16242	22852	15945	20866
Hspa5	2431	3075	2768	6738	6437	6289	8113	9175	7842
Hspa9	755	1366	1146	2939	3321	3068	3669	3596	4871
Hspa9-ps1	52	18	92	235	47	208	270	141	322
Hspbp1	710	201	96	604	396	184	820	479	243
Hspd1-ps3	83	172	141	435	477	406	525	469	676
Hspg2	493	372	300	352	256	161	1014	757	314
Hsph1	394	800	791	1314	1497	1762	1670	1538	2155
Hykk	18	26	25	9	10	14	3	25	4
Hyls1	119	143	201	59	77	112	18	30	75
Hyou1	2107	1469	1001	3741	2761	2047	4144	2860	2216
Icam1	745	585	532	849	691	598	1217	1175	960
Icosl	3797	2607	2246	430	479	298	231	272	156
Id2	61	27	106	145	81	164	231	91	304
Ide	375	526	702	1676	1639	2057	1584	1024	2204
Idh3a	224	245	247	468	413	463	610	494	676
Ifi203	724	1898	5309	305	714	2200	285	388	1401
Ifi206	73	99	1491	11	20	647	3	25	323
Ifi209	463	1271	3557	197	437	1563	57	126	782
Ifi213	67	86	1937	10	24	758	1	55	298
Ifi214	27	41	376	11	16	212	5	5	125
Ifi30	4060	1219	2540	1502	775	1547	2909	1639	2494
Ifit1bl1	49	46	334	1	2	59	1	0	28
Ifit2	45	68	558	19	26	275	14	35	114
Ifitm2	16	4	25	12	6	29	11	5	31
Ifnlr1	266	180	210	191	124	135	407	267	289
Ifrd1	281	385	424	887	894	962	1351	999	2178
Ifrd2	416	238	153	734	567	389	1022	989	446
Ift172	421	389	368	219	176	135	146	192	77
Igf2r	488	596	627	1900	1676	2141	2417	1917	2612
Ighv10-1	39	38	22	11	20	10	11	45	13
Ighv8-6	14	4	3	0	0	0	0	0	0
Igkv1-108	1	10	9	1	2	0	0	0	0
Igkv1-88	74	56	36	20	30	15	37	5	22
Igkv12-47	3	3	3	0	0	0	0	0	0
Igkv16-104	107	55	90	26	20	39	27	25	55
Igkv2-107	3	17	3	0	2	3	0	0	0
Igkv3-2	141	60	81	36	39	34	41	20	31
Igkv4-51	9	4	0	0	1	0	3	0	3
Igkv8-24	77	56	22	15	19	8	23	0	17
Ikbip	39	31	24	21	16	13	14	10	15
Ikzf1	5409	6034	5805	3912	4349	4111	2561	1730	2309
Ikzf3	6956	8809	11355	4469	4755	5736	2938	1599	3066
Il10ra	1850	1446	915	252	342	174	131	81	61
Il16	4580	2638	2626	1055	880	740	735	323	445
Il17ra	2407	1922	1555	883	833	633	740	863	656
Il1r1	1	3	5	90	34	73	37	35	13
Il1r2	41	29	24	126	127	107	233	217	202
Il1rn	13	3	48	42	20	112	101	66	299
Il2ra	135	135	251	1121	843	1365	1631	938	2686
Il4i1	2965	2682	1380	3788	3454	2015	4536	5523	2213
Il5ra	64	85	177	58	18	136	70	25	188
Il9r	5495	4144	3825	1815	1723	1477	3432	2411	2204
Ilf3	1177	1353	1398	2831	2542	3041	2676	2189	2778
Imp4	736	709	677	1101	1018	976	1285	918	1240
Impg2	48	78	71	19	23	35	18	30	6
Inf2	971	445	479	688	546	504	1085	1483	768
Inpp1	115	143	220	73	95	142	36	50	45
Inpp4b	283	455	338	74	131	100	40	86	81
Inpp5d	8571	5557	6190	4581	3564	3683	3543	1755	2424
Inpp5f	820	856	882	813	649	754	641	338	553
Inpp5k	1317	871	948	537	450	559	374	293	305
Insr	898	940	1042	358	376	403	216	323	206
Ints6l	266	497	492	162	235	247	88	55	155
Ipo4	731	549	446	1666	1259	997	2042	1634	1286
Ipo5	608	1181	1013	2141	2312	1997	2708	3183	3096
Iqce	365	263	224	188	146	143	142	126	81
Iqsec2	117	63	86	75	43	88	122	61	101
Irak1bp1	17	4	8	24	28	20	35	50	49
Irak3	330	359	409	175	201	216	137	136	188
Irf2	1854	1568	2081	629	835	945	389	388	495
Irf4	1939	2881	2955	8820	7921	9714	7986	5564	10410
Irf7	126	26	1124	8	9	507	4	5	243
Irgc1	63	22	16	6	9	4	1	15	5
Irgm1	495	360	1302	301	288	944	233	111	673
Irgq	840	486	440	307	292	215	257	303	160
Irs2	1829	736	873	3714	2038	2733	2891	1327	2034
Islr2	3	3	0	2	0	0	0	20	1
Ispd	31	62	51	27	35	29	21	25	19
Isyna1	1414	361	289	1579	795	703	1622	509	580
Itga4	1744	3679	5155	707	1110	1761	448	419	1031
Itgae	3	5	11	20	11	20	15	10	12
Itgal	1852	1687	1533	1037	958	788	824	979	757
Itgam	108	206	197	69	167	135	44	146	148
Itgav	666	849	895	1935	1619	2377	1750	1322	2142
Itgb3	609	483	519	177	174	183	158	116	110
Itgb7	799	268	161	30	33	28	9	50	10
Itih5	22	29	21	1	10	7	1	10	6
Itpr1	1423	1840	2263	896	911	1206	771	736	942
Itpr2	2446	2488	3555	1686	1356	2223	1238	671	1430
Itpr3	4429	2687	2308	1725	1462	1064	1610	1362	869
Ivd	718	533	483	255	268	237	220	166	148
Izumo4	394	202	112	82	63	44	63	30	36
Jagn1	193	145	140	208	211	188	249	222	257
Jak1	3103	3707	3648	2383	2397	2845	2146	1660	2724
Jakmip1	844	556	521	311	238	265	183	166	72
Jaml	138	130	281	30	47	87	16	15	58
Jdp2	23	6	16	48	20	45	104	81	156
Josd1	323	232	158	410	414	257	499	646	334
Jup	26	8	24	116	54	110	110	35	105
Kalrn	23	28	40	4	14	11	1	66	10
Kank3	21	22	7	28	47	20	29	86	19
Kars	945	562	688	1316	984	1069	1638	792	1443
Kat2b	219	289	354	70	143	185	36	66	63
Kat2b-ps	8	7	25	4	6	11	3	5	9
Kbtbd11	758	638	281	54	72	38	21	30	15
Kcnh4	45	27	49	262	166	249	253	121	194
Kcnj1	28	34	55	8	11	7	1	35	3
Kcnj14	2	6	0	19	20	8	25	35	13
Kcnk10	26	44	37	76	86	62	55	146	51
Kcnk13	43	35	24	17	27	6	9	10	1
Kdm2b	836	653	789	1821	1405	1698	2308	2214	2532
Kdm6b	1293	892	1075	4483	2632	3223	4178	2663	2967
Kdm7a	821	2022	1826	484	973	907	329	368	714
Kif19a	133	33	25	15	15	8	8	15	0
Kif21b	6667	4433	4122	1348	1498	1177	1324	979	840
Kif9	59	54	79	26	30	22	26	35	12
Kifc3	75	32	32	240	148	230	265	373	235
Klf11	84	133	98	53	65	49	30	55	23
Klf13	4506	2949	2256	1860	1438	1215	1187	711	630
Klf2	6256	1328	1250	465	335	344	213	121	75
Klf3	873	1247	1295	373	587	684	370	701	676
Klf7	351	461	428	209	242	267	202	257	277
Klhl14	305	259	362	76	73	79	25	45	20
Klhl6	1032	1327	885	322	437	293	147	161	112
Klrb1	2	2	3	0	1	0	0	15	0
Klrg2	2	0	0	2	2	7	3	10	24
Kmo	862	952	1234	419	510	566	378	207	503
Ksr1	306	268	242	511	428	454	863	631	707
Kynu	524	881	1007	174	316	251	392	444	615
L1cam	92	84	65	28	27	22	15	20	10
L3mbtl3	367	596	622	245	370	418	179	172	194
Lair1	21	19	41	3	4	7	5	25	3
Lamb3	159	171	124	94	85	65	63	86	27
Lamc2	4	6	1	43	38	55	92	121	127
Lamp1	1427	928	1007	2034	1747	1936	2177	1296	1880
Lamp3	58	46	73	26	22	15	16	0	8
Lap3	169	161	123	484	391	320	656	646	548
Larp1	2040	1797	2321	4513	3656	4705	5691	4509	6153
Lats2	962	828	660	502	503	503	320	242	230
Lax1	1322	713	984	525	466	555	230	91	173
Lbh	2355	1486	1287	2204	1578	1706	1142	363	460
Lbr	1307	1681	1450	964	1064	934	826	459	758
Lck	722	333	331	1063	670	656	582	192	259
Lct	31	16	28	69	36	31	66	76	45
Ldha	1436	769	507	2454	1884	1063	2559	1110	1133
Ldlrad4	128	33	66	45	24	32	30	30	12
Letm2	178	153	201	74	84	93	62	55	75
Lgals3	168	52	176	136	113	242	279	131	340
Lifr	47	762	69	6	76	14	3	40	3
Lilr4b	50	64	125	282	299	393	703	706	1191
Lilra6	3	3	3	0	1	0	0	20	5
Lilrb4a	96	209	285	822	934	1064	1656	1347	2686
Lipa	239	278	346	223	246	286	212	182	193
Lipg	11	10	12	107	65	97	106	121	114
Lipt2	33	14	5	57	29	22	77	91	51
Litaf	315	217	251	786	646	615	981	494	988
Llph-ps2	18	2	9	23	8	25	38	25	58
Lmbrd1	902	1550	1022	755	991	792	462	504	451
Lonrf1	57	41	37	127	128	125	156	489	157
Lonrf3	7	6	13	33	45	39	36	61	42
Lpar6	122	155	210	33	47	80	29	0	51
Lpcat2	70	51	46	13	31	39	8	30	23
Lrfn4	32	15	7	34	26	27	32	61	9
Lrmp	1489	2132	1278	4048	3875	3412	1646	1004	1146
Lrp11	16	26	16	63	55	44	79	71	61
Lrrc32	18	4	16	50	13	31	41	25	54
Lrrc59	609	499	479	1022	893	698	1228	903	970
Lrrc8c	1056	678	1233	387	298	438	435	257	607
Lrrk2	3358	4709	4918	1877	1575	2839	1128	484	1880
Lsm2	227	134	106	329	257	270	407	212	323
Ltb	5130	1145	1098	278	320	216	352	303	160
Ltk	209	44	53	34	27	20	5	15	6
Ly6a	872	318	1092	131	107	410	98	15	282
Ly6d	4430	1699	2098	989	864	851	1028	459	612
Lyar	177	135	210	362	241	413	483	217	658
Lyn	2684	2685	2568	1340	1583	1246	869	636	643
Lynx1	1795	1128	1188	553	567	423	616	449	307
Lyrm4	121	33	86	65	67	86	90	50	128
Lztfl1	127	276	367	680	924	1945	616	565	1647
M6pr	871	1149	955	1771	1957	1639	2267	1897	2372
Macf1	12644	19192	14669	6279	6718	5993	3705	2593	2980
Mad2l2	244	99	87	204	160	131	235	187	142
Madcam1	1	0	0	5	1	3	6	5	3
Madd	1808	1502	1343	723	767	656	643	691	489
Maf	95	111	77	50	74	81	8	15	15
Maff	42	15	16	87	64	84	173	222	135
Mafg	567	426	378	1359	1096	979	1611	1478	1090
Magoh	237	148	181	298	335	348	343	146	474
Maml2	335	326	422	88	117	140	40	40	68
Maml3	406	284	380	302	191	284	120	76	79
Man2a1	1329	1357	1300	430	581	466	311	575	256
Man2b1	1425	1156	881	763	741	614	585	590	381
Maoa	10	24	24	44	45	27	55	30	47
Map2k3os	13	2	8	23	17	24	26	40	28
Map2k6	49	67	38	14	25	15	10	25	6
Map3k15	57	42	55	35	27	18	20	35	20
Map3k19	37	44	46	8	6	4	1	25	0
Map3k20	87	192	219	227	320	303	299	404	408
Map3k5	1373	1392	1146	711	811	602	552	757	514
Map3k9	1183	588	676	323	240	211	223	207	93
Map4k2	6466	3370	2724	1169	1094	701	857	631	390
Mapk11	323	218	86	54	97	31	25	45	5
Mapk6	327	559	562	1136	1283	1587	1234	1206	2059
Mapkapk3	498	312	279	906	679	786	966	883	663
Mapre2	390	401	417	254	307	362	165	101	196
Marcks	1215	981	768	2023	1794	1143	2940	2704	2002
Marcksl1	1040	759	486	1413	1208	1003	1961	1402	1164
Mars	1121	776	536	1376	1080	821	1697	1392	983
Mbd4	327	464	560	136	177	192	75	111	106
Mbnl2	416	594	809	413	487	656	236	202	399
Mcam	1	4	3	3	6	6	2	25	0
Mcf2l	8	3	8	3	7	8	8	25	9
Mdfic	272	504	481	737	864	1008	790	1357	1410
Mdn1	2602	5648	4486	12197	11878	11156	14165	12646	15175
Mecr	232	178	145	308	332	212	405	414	242
Mettl1	261	241	181	667	524	396	945	661	704
Mettl13	211	249	182	499	450	289	632	545	446
Mettl2	217	239	190	392	394	351	474	343	438
Mettl22	170	86	90	167	157	152	200	101	180
Mettl7a1	34	33	30	2	2	14	0	0	3
Mex3b	129	87	57	27	28	25	13	15	3
Mfsd12	617	253	166	887	578	381	897	530	307
Mfsd2a	17	7	5	89	31	52	152	61	83
Mfsd5	406	157	149	389	291	239	506	414	252
Mfsd6	267	286	296	115	142	173	66	50	63
Mfsd7b	126	174	143	246	255	242	290	242	355
Mgrn1	2050	1183	1204	882	742	675	656	409	386
Mgst2	92	127	176	26	40	70	15	5	31
Mif	254	139	77	454	476	257	637	298	321
Milr1	139	155	215	35	59	59	18	35	32
Mir155hg	58	110	124	295	378	549	544	903	1339
Mir1932	1	2	0	1	0	4	1	0	1
Mir342	3	10	9	4	5	4	0	0	0
Mirt1	451	238	535	72	62	72	66	91	120
Mkl1	1686	776	915	420	328	326	372	257	231
Mllt3	199	262	399	178	183	258	88	126	124
Mmp11	82	33	16	11	12	4	9	0	4
Mmp14	24	30	44	71	75	110	41	30	54
Mob3a	1712	1019	944	532	548	427	620	459	413
Mogs	1227	567	358	1384	1053	675	1745	1438	699
Mpzl2	9	7	37	4	3	7	5	20	8
Mr1	67	63	58	24	29	45	17	10	8
Mreg	274	163	349	2090	1289	1962	4477	3183	5144
Mrm3	119	77	51	156	124	107	168	172	123
Mrpl11	267	111	106	223	170	164	304	328	235
Mrpl12	525	196	104	537	413	213	756	721	341
Mrpl15	386	300	366	526	485	496	651	479	638
Mrpl16	170	115	121	147	132	147	175	131	171
Mrpl17	483	285	265	520	502	506	689	701	583
Mrpl19	250	254	209	450	391	351	537	424	484
Mrpl20	285	96	119	262	144	197	337	182	266
Mrpl21	181	108	95	186	153	143	235	222	141
Mrpl23-ps1	114	27	53	86	47	53	124	66	63
Mrpl38	537	204	226	486	308	352	629	383	374
Mrpl46	159	70	88	135	118	114	166	106	114
Mrps18b	118	168	141	258	281	249	311	293	335
Mrps2	281	198	285	366	322	417	475	303	451
Mrps28	139	45	29	138	66	55	211	131	64
Mrps6	67	36	48	101	76	101	150	111	134
Mrrf	87	83	83	139	176	149	164	161	178
Mrto4	148	155	88	351	371	233	477	711	276
Mrvi1	13	13	20	6	7	7	8	20	18
Ms4a1	3448	7124	6363	2093	3245	2725	1908	1811	2854
Ms4a4b	7	19	28	22	56	79	70	136	317
Ms4a6b	654	786	1042	253	334	350	145	187	217
Ms4a6c	178	212	252	155	283	306	268	232	565
Msh5	105	130	106	22	46	35	20	71	22
Msrb2	32	17	17	11	14	6	4	20	1
Msto1	386	221	161	383	282	256	478	358	345
Mta3	738	549	568	352	265	317	279	212	185
Mtap	141	203	180	335	332	345	406	237	433
Mtfp1	47	18	4	38	26	21	54	35	20
Mthfd1	454	498	341	1212	958	767	1614	1105	1056
Mthfd2	214	210	176	388	363	338	543	353	523
Mtl5	8	1	0	4	6	3	8	25	8
Mtss1	1658	1675	1554	647	867	680	516	333	492
Mturn	194	193	137	56	76	69	23	15	12
Muc3a	16	16	22	2	6	8	3	0	4
Mxd4	1515	845	683	277	243	170	86	35	42
Mxi1	183	166	243	83	94	149	57	40	88
Myadm	205	218	334	52	74	90	49	5	65
Myb	82	201	452	351	661	1208	380	636	1348
Mybbp1a	2806	2169	1780	5875	4412	3616	7678	6411	5273
Mybl2	55	49	62	66	46	58	117	197	137
Myc	536	391	585	2225	1622	2155	3213	2038	3206
Mydgf	358	159	127	341	255	176	426	338	174
Myh9	14340	9364	10324	8048	6291	6132	6780	5700	4616
Myl12b	1127	590	635	232	256	246	143	40	127
Myl4	47	17	20	5	3	4	5	0	4
Mylip	943	611	721	121	111	128	76	66	55
Myo10	73	87	86	128	108	139	173	313	248
Myo18a	1570	1076	970	638	494	458	482	358	309
Myo19	187	180	174	417	298	343	526	419	454
Myo1f	25	60	106	12	50	87	11	20	33
Myo1h	13	5	12	8	7	6	15	0	12
Myo5c	17	13	9	8	7	0	1	15	1
Myof	68	82	147	718	719	1083	509	288	787
Mypopos	149	211	201	65	91	83	65	45	50
Naaa	219	129	86	36	45	34	47	25	29
Naf1	96	104	87	261	246	216	285	232	317
Naip5	77	102	139	27	50	86	17	55	45
Nampt	220	361	914	1046	1018	1827	1449	1130	2795
Narf	270	293	301	76	90	124	24	61	52
Nat10	597	740	591	1681	1495	1370	1921	1599	1594
Nav2	48	72	84	13	16	21	18	131	49
Nbn	156	191	217	441	416	657	541	333	937
Ncl	1925	4122	6422	10861	9559	17500	13618	17796	29226
Ncs1	10	9	11	41	30	20	56	61	36
Ndrg4	28	9	18	208	72	122	251	156	164
Ndst1	667	658	584	446	397	330	375	217	295
Ndufa1	123	57	69	88	74	100	114	66	88
Ndufa12	125	66	94	158	126	149	202	141	137
Ndufa4	350	173	201	289	250	303	315	232	314
Ndufa5	127	55	66	119	76	126	136	166	134
Ndufaf4	86	137	127	222	291	337	299	242	436
Ndufaf8	201	38	38	131	77	66	193	131	70
Ndufs6	122	61	51	101	130	77	106	136	60
Ndufv2	456	259	355	412	395	534	543	439	668
Neat1	2604	3205	3488	3123	3165	3979	1983	2083	2037
Nebl	6	3	12	1	0	0	2	66	3
Nectin1	644	242	399	1063	657	965	1708	1120	1215
Nedd4	35	73	128	15	55	97	25	101	130
Nedd4l	418	313	333	191	157	174	200	146	222
Nedd9	1279	1687	1654	1017	1096	1283	703	363	708
Nefh	1	1	1	16	14	31	27	25	14
Neil1	750	352	259	191	165	122	114	101	46
Nek6	26	7	38	95	39	110	148	126	194
Nemp2	417	760	694	290	377	302	209	156	203
Neo1	8	3	11	5	9	3	6	10	4
Neto2	9	35	45	43	80	110	58	91	179
Neurl3	4177	1385	1385	552	372	282	256	252	138
Nfam1	180	196	160	26	46	87	14	25	32
Nfia	24	47	67	10	12	38	4	66	23
Nfkb2	4625	2413	1926	4668	3642	2473	7773	6139	3877
Nfkbia	2139	1137	1246	1799	1474	1355	3361	2487	2632
Nfkbie	1761	1029	1186	3458	2675	2773	4914	4807	3935
Ngfr	37	16	7	2	2	0	0	5	0
Nhlrc1	2	1	0	11	9	1	11	30	18
Nhp2	494	163	185	744	483	538	1167	575	849
Nhsl1	13	13	15	14	15	25	16	61	35
Nid1	99	89	156	39	24	59	74	55	130
Nif3l1	118	86	91	161	125	115	179	151	225
Nifk	214	213	306	619	471	757	709	620	1043
Nip7	256	265	153	468	494	326	575	741	391
Nipal3	1047	721	669	407	429	319	353	212	160
Nle1	452	197	153	558	410	284	808	515	355
Nlgn2	18	2	9	32	20	17	46	10	19
Nlrc3	485	359	298	154	116	114	78	86	43
Nlrc4	339	517	527	205	193	220	154	116	115
Nme1	252	155	123	465	384	286	617	459	451
Noa1	279	188	140	306	265	192	392	716	328
Nob1	432	276	244	479	428	345	617	681	455
Noc2l	1431	1008	853	2490	2034	1720	3574	3743	2525
Noc3l	160	375	323	612	662	750	684	620	994
Noc4l	471	234	244	673	470	449	711	348	483
Noct	85	93	116	318	280	289	419	409	418
Nod1	163	57	58	23	20	22	8	10	9
Nol10	190	349	277	691	742	802	860	1054	1045
Nol6	1139	821	679	1950	1552	1174	2412	1740	1579
Nol9	634	595	521	1191	1120	878	1330	1518	1112
Nolc1	490	494	650	1631	1227	1577	1965	1256	2316
Nomo1	797	655	529	1459	1108	882	1837	1377	1259
Nop10	346	179	158	375	394	333	452	282	394
Nop16	255	182	125	410	306	223	550	464	377
Nop2	660	466	372	1406	1102	986	1952	2023	1374
Nop56	821	689	574	1621	1376	1281	2256	1977	1870
Nop58	353	782	796	1783	1709	2317	2290	2472	3909
Notch2	6799	5134	5265	1998	1704	1456	1932	1291	1296
Nox1	7	10	13	6	8	6	6	5	3
Noxred1	75	54	82	18	32	32	21	5	23
Npm1	494	1356	1039	1376	2634	2415	1780	3728	4287
Npm3-ps1	93	30	34	87	39	51	123	156	74
Npr2	4	4	3	4	4	10	6	15	3
Nqo2	19	44	49	17	18	24	7	10	9
Nr2c2ap	301	140	84	262	247	170	333	777	167
Nr3c1	913	1577	1650	863	1113	1164	590	484	832
Nr4a1	991	534	551	2497	1428	1740	966	383	456
Nr4a2	16	7	18	52	28	72	25	25	26
Nr4a3	132	81	211	684	461	1031	320	192	567
Nr6a1	50	68	61	166	168	177	171	187	179
Nrgn	163	6	34	175	69	201	132	50	112
Nrm	627	264	222	71	60	34	53	40	23
Nrxn1	1	0	0	0	0	0	0	55	0
Nsd3	1620	2184	2881	1325	1505	2046	1097	943	1687
Nsun2	749	987	887	2072	2013	1862	2564	2441	2677
Nsun5	322	215	137	422	377	206	505	661	316
Nt5dc2	13	11	1	19	19	14	20	10	10
Ntmt1	274	127	110	272	228	153	340	303	143
Ntn1	1	2	1	4	1	3	8	30	4
Nuak2	1056	612	359	312	270	122	252	272	102
Nucb2	124	106	269	104	58	157	70	55	93
Nudc	246	152	280	338	312	494	440	414	617
Nudc-ps1	59	35	63	88	88	124	135	96	198
Nudcd2	47	87	84	106	128	117	139	192	155
Nudt7	90	128	91	56	50	52	31	55	36
Nudt9	384	163	210	373	220	340	493	343	456
Nufip1	176	195	242	349	335	357	353	288	511
Nuggc	12	14	9	11	5	7	3	30	0
Nup43	85	111	81	142	157	192	173	172	227
Nup62	714	483	326	784	669	483	925	515	557
Nxpe3	559	568	454	285	339	215	232	262	133
Nyx	2	6	5	30	30	58	8	30	37
Oaf	16	7	17	26	30	28	63	172	54
Oas1c	108	80	128	35	30	53	24	10	26
Odc1	225	438	222	806	1477	661	1062	2023	981
Olfml3	43	52	32	28	30	21	29	55	13
Olfr754-ps1	71	80	152	35	33	32	28	20	51
Omg	2	4	4	2	3	7	1	0	0
Opa3	519	291	273	550	412	434	618	409	422
Orai1	569	195	176	761	513	461	774	827	433
Orai2	788	696	568	288	343	270	191	156	144
Osbpl1a	35	36	42	80	70	84	75	111	119
P3h1	95	49	46	112	65	62	132	116	60
Pa2g4	896	651	923	2173	1395	2082	2956	2305	3532
Pabpc4	362	473	261	663	1020	482	839	1140	615
Padi2	65	24	32	7	9	11	11	15	9
Pag1	2020	2583	2115	1302	1598	1201	896	752	662
Papss2	4	5	9	4	3	8	8	5	28
Paqr8	37	42	54	22	14	13	12	25	8
Pard6g	65	57	65	121	135	105	146	207	153
Park7	722	240	238	485	317	267	709	575	372
Parp16	62	25	21	15	7	10	9	0	3
Parp8	586	633	849	1117	1024	1415	678	424	735
Pax5	5839	6569	7212	2493	2824	3280	2769	2381	3790
Pbdc1	158	220	333	465	483	779	635	620	1187
Pbx1	44	66	75	17	23	29	9	15	18
Pcgf2	2	6	7	9	17	20	19	10	22
Pcgf6	151	183	139	273	305	263	331	444	318
Pcmtd2	427	783	749	219	358	354	164	177	280
Pcna	208	336	235	390	677	445	369	444	459
Pcsk4	32	12	9	56	39	27	77	96	41
Pdcd11	854	1047	775	2053	1884	1449	2242	1997	1720
Pdcd1lg2	39	25	50	70	39	74	69	30	101
Pdcd5-ps	61	21	24	63	39	69	74	66	86
Pde2a	112	139	125	15	28	14	11	15	15
Pde3b	1737	1345	1555	696	744	629	374	757	381
Pde4b	1454	1406	1600	610	591	633	464	338	492
Pdk1	338	498	384	195	257	187	171	262	139
Pdk2	218	84	119	39	23	31	30	25	17
Pdlim3	23	23	15	1	4	1	0	5	1
Pdxk	265	171	127	465	320	263	504	252	239
Pdzd2	377	660	789	252	309	456	60	71	97
Pea15a	371	168	173	275	221	369	315	257	417
Pecam1	1901	1850	2255	307	357	364	111	76	151
Pecr	32	23	21	57	60	35	70	126	42
Peg13	662	480	389	299	222	159	198	96	88
Peli1	748	962	1028	508	657	699	306	237	431
Pelp1	466	337	349	744	598	445	934	631	688
Pepd	376	272	181	509	409	242	559	772	272
Pes1	565	558	379	868	953	594	993	999	698
Pfas	757	794	654	2051	1701	1212	2420	2260	1532
Pfdn6	285	95	103	246	132	128	312	192	197
Pfkp	890	1085	1042	2849	2676	2827	2795	2270	2841
Pgam1	22	33	18	31	40	20	36	55	28
Pgap1	462	1539	892	208	488	285	108	146	121
Pgf	1	0	3	4	1	6	8	45	35
Pglyrp1	94	66	48	7	34	13	5	0	20
Pglyrp2	77	41	37	6	4	4	13	20	3
Phb	168	98	58	225	177	119	336	348	174
Phb2	1925	758	749	1926	1195	1247	2473	1332	1453
Phka1	362	414	376	210	226	187	164	151	118
Phlda3	22	15	4	45	54	10	98	141	23
Phldb1	29	13	24	97	28	62	96	86	77
Phxr2	1	5	4	0	0	0	0	0	0
Phxr4	102	79	181	36	20	41	16	5	23
Phyh	272	173	243	98	87	142	86	20	72
Pigw	67	117	100	164	186	192	183	358	330
Pik3c2b	3514	2683	2667	867	712	580	558	242	341
Pik3cg	852	971	1089	223	293	254	82	96	78
Pim1	1175	476	433	1102	804	564	1747	1352	1158
Pinx1	114	63	100	177	110	229	239	166	314
Pip4k2a	674	643	774	517	444	469	322	242	285
Pip5k1b	166	94	125	65	51	70	34	20	19
Pirb	148	151	152	28	61	62	26	5	65
Pitpnc1	252	299	247	83	108	107	59	126	41
Pitrm1	430	575	570	1032	942	1156	1314	817	1456
Pkib	217	298	628	239	243	472	227	172	428
Pkp4	88	105	95	205	164	220	236	131	230
Pla2g12a	129	66	78	128	115	74	150	126	93
Pla2g16	226	97	137	50	55	51	46	66	41
Plac8	1852	656	1160	795	728	949	171	298	173
Platr23	1	0	0	1	2	0	2	0	0
Plau	117	30	116	1160	398	946	719	207	475
Plbd1	201	117	120	73	80	63	73	25	68
Plbd2	1200	517	663	1813	1161	1050	2504	1680	1518
Plcxd1	28	9	8	37	30	17	13	5	4
Pld4	1734	951	1067	276	202	195	203	96	101
Plek	1133	2730	2226	5207	6576	6584	7042	6603	10141
Plekha2	3008	3005	3821	2151	1891	2271	1744	1190	1779
Plekha4	23	7	17	6	2	11	5	30	4
Plekha6	29	22	33	10	6	10	4	45	0
Plekhg3	249	191	169	47	45	55	57	91	42
Plekhm1	3602	1927	1586	890	835	616	391	404	233
Plekhm3	1930	2065	2132	1303	1323	1432	982	580	764
Plgrkt	332	267	351	117	123	187	89	81	107
Plk2	190	118	133	240	199	278	113	91	58
Plk3	490	259	257	1404	788	861	1131	434	564
Plpp1	17	12	9	19	23	17	58	86	58
Plpp3	74	34	37	16	6	4	8	10	4
Plscr1	36	23	36	61	79	90	121	217	156
Pltp	127	56	28	25	25	7	11	20	0
Plxna1	78	70	81	141	152	133	325	434	227
Plxnd1	305	127	273	862	313	635	1865	777	1643
Pmaip1	145	246	256	281	397	366	253	545	322
Pml	2380	1951	5364	741	795	2654	515	419	1670
Pno1	215	189	164	554	422	447	766	368	741
Pogk	171	315	300	923	1020	1010	1029	994	1131
Poldip2	459	262	235	441	342	317	574	530	452
Polr1b	387	587	391	1239	1309	871	1510	1206	1086
Polr2f	328	70	71	255	184	147	357	207	173
Polr2h	142	81	61	165	185	119	228	282	138
Polr3d	284	122	136	427	272	309	552	373	410
Polr3e	429	454	333	828	736	542	1010	918	741
Polr3gl	171	80	140	36	39	59	45	10	27
Pop1	120	148	156	334	317	272	430	318	420
Pou6f1	612	429	330	268	200	176	107	76	40
Ppa1	218	183	189	552	471	508	749	545	768
Ppan	960	398	374	1770	1062	982	2317	1074	1242
Ppargc1a	40	40	50	26	23	28	12	20	14
Ppat	131	251	276	526	562	586	610	585	778
Ppfibp2	241	205	263	478	355	597	811	509	958
Ppia	220	257	231	347	424	364	373	721	497
Ppie	336	166	127	295	280	153	357	247	230
Ppl	32	32	25	14	9	7	3	35	3
Ppm1e	168	241	255	111	161	160	55	131	79
Ppp1r14b	153	87	38	200	189	77	298	267	101
Ppp1r15a	392	184	217	385	304	381	415	333	429
Ppp1r3e	89	52	36	130	124	80	154	262	82
Ppp3ca	1915	2027	2328	859	915	1046	748	747	808
Ppp3cc	530	418	388	236	221	205	238	277	175
Ppp6r2	537	379	334	257	236	218	181	177	148
Pprc1	973	987	952	2542	2206	2206	3186	2537	2658
Pqlc1	543	328	213	587	614	249	1096	3052	533
Pqlc3	135	133	207	70	72	166	54	40	86
Prcp	925	899	636	377	464	315	342	257	217
Prdm9	113	191	207	78	99	112	61	61	100
Prex1	2062	1043	1050	663	442	392	456	348	217
Prg2	12	15	3	9	15	8	25	136	8
Prkar2b	18	25	79	20	12	67	10	61	73
Prkcb	2541	2786	2658	1457	1570	1532	1349	847	1218
Prkcg	19	32	18	5	11	14	4	20	1
Prkd2	3292	1905	1782	774	877	746	592	444	450
Prmt1	1009	438	396	1162	857	625	1703	1105	852
Prmt3	429	588	425	1050	962	907	1386	1947	1206
Prmt5	581	372	507	1064	868	956	1449	1821	1439
Prmt7	471	309	195	814	673	470	1005	772	589
Prodh	29	20	26	80	55	32	82	96	35
Prpf31	688	434	409	879	672	743	1057	540	854
Prpf40b	286	174	153	397	241	265	465	368	259
Prr5	543	240	186	154	98	88	157	101	77
Prss12	34	37	3	1	2	3	0	10	0
Prss23	1	3	1	5	16	28	4	0	5
Prx	3	4	7	2	2	3	4	10	3
Psat1	179	183	168	408	483	331	525	671	493
Psd3	199	337	304	104	98	139	74	121	107
Psma6	619	479	420	708	782	659	902	787	875
Psmb2	604	254	346	591	356	462	779	293	630
Psmc5	662	338	302	802	513	521	1004	666	699
Psmd7	438	236	376	576	402	566	693	434	873
Psme2	164	199	140	255	369	159	345	509	181
Psme3	1062	1085	1254	2615	2237	2558	3067	2134	3219
Psmg1	129	85	74	182	145	146	264	182	185
Psmg2	134	123	83	239	220	176	301	151	268
Psrc1	38	62	46	67	106	63	123	192	92
Pstpip1	1026	417	430	210	187	136	170	141	75
Ptafr	30	9	42	35	14	80	91	25	141
Ptger2	9	4	3	4	11	4	16	15	4
Ptges	14	4	3	33	29	11	39	25	3
Ptk2b	5149	3417	3928	3579	2557	3346	2296	1130	1683
Ptk6	0	2	0	0	0	1	0	20	1
Ptpmt1	119	67	66	132	105	132	167	232	151
Ptpn14	468	456	412	149	128	131	121	106	64
Ptpn7	427	255	325	273	194	254	172	146	160
Ptpre	180	242	267	112	102	150	63	61	64
Ptprj	1472	2124	1761	900	1035	859	501	469	406
Ptrh1	50	21	17	61	54	17	85	66	20
Pus1	306	201	116	554	394	250	748	1044	397
Pus7	217	341	263	749	768	630	953	752	949
Pusl1	153	68	45	184	167	95	274	182	133
Pvt1	78	155	100	388	402	305	498	499	484
Pwp2	579	431	279	1148	987	601	1417	1110	792
Pwwp2b	14	2	7	27	13	22	16	30	17
Pxk	2074	2222	2067	788	1020	944	559	358	524
Pxmp4	155	89	110	35	41	72	33	61	42
Pycr1	31	30	12	62	91	41	92	156	77
Pygl	7	84	73	6	51	65	5	86	75
Qrfp	148	33	28	9	8	3	1	10	1
Qtrt1	146	114	61	210	205	147	248	293	187
Qtrtd1	183	343	275	641	701	542	716	858	764
Rab26os	28	14	16	40	29	27	60	10	37
Rab39b	17	16	28	42	41	65	55	146	170
Rab3a	93	32	41	14	7	11	7	5	1
Rab3b	54	24	33	61	68	161	18	20	24
Rabgef1	205	238	193	404	502	410	309	298	295
Rad51c	39	47	40	32	36	44	22	25	17
Rag1	6	14	48	0	2	13	0	25	5
Ralgps1	301	315	338	276	276	289	183	136	162
Ralgps2	1923	2886	2453	805	967	838	507	459	414
Ran	386	513	256	810	1106	652	1050	1831	796
Ranbp1	558	307	441	946	698	1177	1297	1670	1628
Rangap1	826	586	450	1207	996	730	1530	1554	902
Rangrf	5	9	4	11	30	13	23	66	20
Rap1gap2	68	52	49	29	27	32	29	76	40
Rapgef2	280	334	334	254	254	268	207	242	202
Rapgef4	134	81	132	20	13	21	10	30	6
Rasa3	3606	2074	2217	372	343	371	143	156	138
Rasal1	502	328	285	876	729	479	511	267	215
Rasal2	128	128	173	231	201	218	254	328	270
Rasd1	171	61	77	425	334	329	147	20	50
Rasgef1a	12	6	13	12	11	8	6	20	0
Rasgef1b	621	789	676	2662	2635	2921	2587	1881	2525
Rasgrf2	11	19	17	5	6	10	4	40	4
Rasgrp1	916	1286	1447	391	497	435	287	414	364
Rasgrp2	4762	2596	2625	195	244	191	51	86	28
Rasgrp3	3223	4126	5534	2123	1986	2506	2596	1140	2643
Rasl10a	34	4	8	0	2	3	1	0	0
Rassf2	3086	3115	2930	1336	1496	1165	1175	671	757
Rassf3	1217	982	751	507	484	313	308	414	197
Rassf4	1353	2225	1974	701	1005	781	455	600	525
Rassf5	860	693	779	390	331	324	255	96	143
Rbl2	687	822	887	392	433	468	268	222	303
Rbm19	723	500	462	1343	911	778	1608	1190	998
Rbm43	186	221	223	91	102	119	77	136	83
Rbm47	32	34	86	226	147	323	263	187	355
Rbm8a	222	190	205	310	280	329	381	484	449
Rbpms2	2	0	4	6	5	10	6	20	4
Rcc1	273	180	135	567	420	306	809	676	486
Rcl1	343	238	180	595	471	352	815	509	520
Rcn1	82	84	78	208	158	180	230	217	266
Rcsd1	4743	3630	3660	1252	1261	1290	1074	696	1061
Rdh12	222	148	151	28	38	42	22	15	28
Reep6	9	5	24	24	15	27	25	15	41
Rell1	180	205	191	161	125	302	117	66	118
Rell2	104	31	42	132	55	49	139	76	61
Reln	28	47	95	7	10	21	5	25	17
Renbp	244	75	92	449	315	352	425	237	227
Rere	2351	2148	2783	1285	1137	1733	1059	656	1146
Ret	1	1	3	0	0	1	0	15	0
Rexo2	261	311	290	385	380	371	479	449	529
Rflnb	73	86	45	3	17	10	3	10	9
Rftn1	3671	1989	1785	5945	3837	3376	6861	3965	4101
Rftn2	81	72	67	48	50	74	47	55	27
Rgcc	8	3	8	25	19	4	13	0	13
Rgl1	311	424	376	512	704	506	167	262	114
Rgs1	19	31	94	212	265	555	193	161	560
Rgs14	960	369	226	100	99	55	41	35	15
Rgs18	12	18	24	17	6	8	12	5	14
Rhbdf2	1207	656	553	279	265	208	238	227	112
Rhoh	3406	2606	2685	948	971	739	594	515	454
Rilpl2	589	308	247	1788	1588	1074	1744	1503	838
Rin3	837	575	590	197	193	213	99	66	95
Rnase6	555	379	396	69	93	84	36	35	28
Rnasel	165	240	354	118	120	194	64	141	105
Rnf141	196	348	382	146	214	227	134	187	183
Rnf144a	448	389	363	74	88	63	13	61	19
Rnf145	1873	1553	1257	1117	945	817	1100	1488	690
Rnf150	89	256	116	314	464	181	186	232	101
Rnf225	21	25	17	57	55	28	74	96	35
Rnf41	1074	868	788	775	654	573	513	303	335
Rnu2-10	4	5	4	11	10	1	9	5	10
Rnu3b2	9	9	3	11	15	7	8	10	0
Rpl10	205	253	181	376	388	277	457	267	440
Rpl10a	703	339	209	1096	780	517	1521	2028	725
Rpl12	543	306	224	710	575	402	955	1276	434
Rpl15	123	178	121	195	254	188	235	555	281
Rpl23a	17	16	17	36	42	42	49	50	49
Rpl27	133	88	54	176	135	97	260	151	161
Rpl27a	358	251	186	381	310	230	517	535	337
Rpl28	168	89	49	200	202	119	259	247	179
Rpl3	839	772	547	1119	1257	993	1579	2441	1434
Rpn2	1423	923	881	1698	1409	1261	2019	928	1343
Rpp14	162	132	133	316	278	253	375	353	328
Rpp38	43	28	22	81	60	63	97	45	123
Rpp40	67	83	59	141	138	126	162	141	169
Rps12	159	168	152	400	370	337	510	479	488
Rps27l	183	146	111	222	404	197	330	348	293
Rps6	102	58	36	109	107	60	130	373	83
Rps6ka5	243	390	351	114	140	126	72	156	88
Rpusd2	129	109	90	151	168	129	207	151	221
Rragd	15	24	36	102	109	178	66	101	150
Rrh	7	52	34	74	77	77	82	76	97
Rrp12	485	494	325	1233	1115	723	1538	1498	994
Rrp15	109	152	162	405	309	424	479	393	489
Rrp1b	310	381	363	1016	851	821	1250	974	1197
Rrp7a	536	306	253	508	456	319	577	615	328
Rrp9	648	198	158	870	535	400	1279	923	565
Rrs1	257	179	152	598	465	375	745	938	551
Rsad1	120	148	137	271	291	258	397	469	362
Rsl1d1	401	504	541	1056	1040	1000	1279	1281	1701
Rtn1	14	6	4	3	0	1	3	10	0
Rtn4rl1	11	5	1	5	4	6	3	10	8
Rubcnl	1448	1064	862	531	575	396	375	424	280
Runx1	1341	1361	2091	1365	918	2025	1161	681	1645
Ruvbl2	829	305	194	989	592	397	1393	545	535
S100a6	104	37	26	7	19	18	8	25	14
S1pr1	2824	1280	1951	852	404	876	252	55	144
S1pr3	28	22	26	507	205	296	227	5	66
S1pr4	3290	762	551	208	195	100	79	45	27
Sac3d1	213	46	58	169	116	86	216	303	77
Samd11	7	3	8	17	24	17	53	76	40
Samd9l	1038	2599	5579	480	780	2520	233	71	1191
Samhd1	3031	4120	5747	969	1721	2300	580	631	1043
Samsn1	166	306	355	526	744	699	631	489	1157
Sapcd1	44	35	13	5	9	4	5	15	0
Sars	1377	822	677	1570	1335	1216	1641	1322	1351
Sash3	4161	1910	1869	863	825	732	915	610	734
Sbf2	235	377	590	675	694	1088	892	1130	1645
Sbk1	6738	2464	1918	1363	1009	887	639	373	235
Scarb2	482	458	562	322	395	376	174	121	167
Scimp	57	55	48	8	17	6	2	15	3
Scml4	1119	821	746	180	184	174	39	45	13
Scn4a	1183	1152	891	496	765	452	239	227	152
Scn4b	24	21	20	0	1	0	0	25	3
Scn8a	1	3	0	1	0	1	0	25	0
Sdc1	90	24	18	39	46	17	7	35	3
Sdccag8	223	209	276	159	120	170	124	146	137
Sec11c	922	779	733	389	442	417	355	288	357
Sec16b	18	11	9	3	4	1	3	15	4
Sec22c	89	105	84	26	49	32	32	40	13
Selenop	312	281	297	67	83	80	20	40	41
Sell	3646	4389	4711	338	696	542	77	131	120
Selp	24	41	5	6	20	4	3	20	6
Selplg	1168	402	623	175	187	278	141	86	157
Sema3g	3	4	7	0	2	0	0	40	0
Sema4a	80	80	103	23	52	69	54	96	87
Sema5a	808	891	684	393	558	315	312	298	202
Sema6b	37	5	3	5	7	1	3	55	3
Sema7a	592	342	297	1052	457	581	1731	948	941
Senp7	558	1011	1130	266	359	379	174	509	263
Serf1	7	4	12	14	11	29	20	5	26
Serinc5	446	958	800	146	290	237	170	434	229
Serpina3g	430	309	417	29	46	79	52	30	68
Serpinb1a	632	574	346	591	768	670	384	227	286
Serpinb6b	44	19	51	63	44	81	93	30	169
Serpinf1	17	6	18	44	25	41	40	20	24
Serpini1	59	110	197	33	41	88	26	10	64
Sesn1	569	989	502	245	404	191	197	242	125
Sesn2	220	98	86	184	190	161	306	308	289
Sesn3	1317	2020	2368	1068	1157	1233	680	444	723
Setbp1	1292	1153	1027	874	731	595	680	378	396
Sfxn1	377	420	391	815	682	740	1096	706	1163
Sfxn3	1131	642	689	567	529	483	333	136	181
Sgms1	893	1017	805	491	520	458	202	222	158
Sgpl1	842	907	976	2101	1948	2539	3525	2093	3978
Sgsh	785	349	265	223	190	138	104	35	38
Sh2d2a	401	236	242	946	631	782	517	182	319
Sh2d3c	1218	578	590	238	243	185	112	126	66
Sh2d5	17	9	8	51	25	46	57	55	36
Sh3pxd2a	1400	1087	747	351	324	237	271	257	152
Sh3rf1	168	159	222	285	262	320	404	414	549
Shcbp1l	14	33	18	41	36	15	47	55	40
Shisa5	13218	5830	9793	2774	2807	5176	1864	1246	3292
Shisa8	149	36	37	509	165	212	431	202	128
Shmt1	132	117	115	570	411	379	742	520	500
Shmt2	1515	761	638	2296	1687	1504	3111	2673	2224
Shq1	97	99	103	283	221	166	323	404	240
Siah2	368	192	154	379	328	213	498	494	280
Sidt1	181	130	199	55	58	103	26	35	32
Siglecg	5206	3589	3592	597	811	666	464	383	332
Sigmar1	322	107	90	381	251	215	477	338	285
Sike1	786	1088	1304	544	687	702	381	469	557
Sipa1l1	1455	1132	1219	571	501	536	416	434	300
Sipa1l2	911	511	529	544	334	362	339	172	138
Sla	683	1319	902	428	624	382	72	91	68
Slamf1	103	148	96	51	46	29	52	66	63
Slamf6	1367	1677	1893	284	535	404	416	666	567
Slc10a3	240	105	110	286	203	225	369	156	239
Slc10a7	348	502	467	205	255	227	186	141	216
Slc12a2	183	349	275	463	557	431	607	741	744
Slc12a6	1784	2197	2675	968	1184	1340	566	388	783
Slc14a1	176	145	181	28	28	66	8	15	51
Slc15a3	578	251	578	1324	739	1288	1390	736	1430
Slc16a1	101	159	181	536	483	410	580	646	615
Slc16a7	57	86	99	27	23	45	15	25	12
Slc19a1	291	230	158	782	613	413	952	837	512
Slc19a2	72	113	87	200	274	160	235	267	254
Slc1a4	70	73	53	191	204	204	268	393	281
Slc23a1	115	65	92	43	33	25	32	25	15
Slc25a1	660	198	220	555	263	381	637	323	440
Slc25a12	296	276	232	175	204	174	183	116	148
Slc25a19	1594	1281	970	2498	2019	1563	3159	1690	1849
Slc25a22	375	209	446	485	372	601	559	353	607
Slc25a23	161	89	123	44	49	44	20	25	8
Slc25a33	57	30	24	130	105	74	179	217	87
Slc25a35	77	41	55	23	15	13	14	20	10
Slc25a37	1149	1396	1454	476	549	646	318	227	487
Slc25a39	691	246	217	818	468	435	1025	489	484
Slc28a2	322	504	313	128	195	91	79	121	45
Slc29a1	179	110	112	476	311	230	553	313	265
Slc29a2	65	34	46	151	120	103	213	141	173
Slc2a9	122	111	107	29	54	24	35	50	28
Slc35a4	590	483	301	720	747	494	818	540	604
Slc35b2	446	275	149	555	511	260	692	1044	327
Slc35g1	10	14	20	25	40	27	36	15	58
Slc37a2	778	774	597	515	597	447	361	247	238
Slc39a14	138	180	120	365	291	263	390	328	305
Slc39a6	234	286	213	474	461	442	550	772	686
Slc3a2	1149	640	706	1731	1268	1401	1872	1579	1422
Slc41a2	60	83	38	48	74	51	30	45	15
Slc41a3	62	27	18	14	12	10	14	20	4
Slc43a2	1889	1324	1121	361	370	195	246	277	162
Slc43a3	251	217	554	589	560	990	1230	772	1789
Slc46a3	120	102	70	14	16	31	7	10	15
Slc4a7	679	1304	1286	530	765	733	608	570	987
Slc5a6	113	87	58	169	215	80	160	141	107
Slc6a9	26	22	70	95	89	110	137	141	147
Slc7a1	938	1373	1188	1826	1980	2191	2140	2058	2815
Slc7a5	690	471	382	1723	1173	887	2260	2214	1314
Slc9a5	73	52	54	167	125	103	306	368	184
Slco4a1	267	102	275	599	571	720	769	489	930
Slfn1	6	14	184	2	9	70	0	0	38
Slfn5	58	117	1660	30	37	858	20	40	456
Slfn8	291	501	2137	87	164	1012	95	106	734
Slfn9	80	123	358	61	76	278	57	30	221
Smad3	548	331	457	2330	1365	1971	2196	928	1686
Smagp	136	37	36	17	18	10	9	10	8
Smarca2	1500	1565	1617	676	675	660	471	414	348
Smim10l1	118	145	194	145	152	281	222	146	463
Smim14	3127	2760	2804	1209	1382	1180	561	409	482
Smim3	195	99	153	221	143	344	411	237	565
Smn1	231	151	186	298	223	250	397	267	367
Smpdl3a	129	64	67	22	21	28	12	20	19
Smyd2	59	43	44	199	155	114	295	187	271
Smyd5	611	391	354	1207	879	736	1399	842	987
Snai1	19	4	7	17	9	13	36	15	37
Snai3	19	3	5	43	24	28	37	15	20
Snhg1	279	325	252	647	683	650	771	701	1048
Snhg12	274	125	151	316	254	226	396	298	371
Snhg15	154	112	51	369	333	178	530	1549	357
Snhg17	452	465	323	902	911	744	1136	1110	1002
Snhg3	82	65	86	162	164	226	189	131	359
Snhg4	99	183	170	579	551	709	843	787	1188
Snhg5	140	174	129	300	301	298	344	434	466
Snhg6	135	131	106	253	224	223	319	197	339
Snora73a	5	6	8	11	9	1	19	5	17
Snrpa	365	285	214	425	435	351	543	444	441
Snrpa1	218	206	224	392	339	334	501	479	487
Snrpd1	101	66	99	172	152	272	188	177	394
Snrpd2	285	122	94	179	233	147	257	363	127
Snrpd3	270	183	263	458	314	479	556	489	723
Snrpf	135	40	54	164	57	104	209	86	143
Sntb2	105	146	136	74	91	100	47	66	66
Snx20	1643	687	788	283	287	237	375	615	377
Snx29	1926	1809	1319	316	503	295	162	282	95
Snx30	1430	1726	1600	1223	1268	1230	840	807	878
Snx32	123	90	75	45	50	56	31	30	29
Sorbs1	92	68	84	41	49	66	28	40	22
Sorbs3	24	26	20	14	8	11	11	10	4
Sorcs2	18	29	30	1	6	3	2	25	0
Sorl1	4221	8857	3796	3508	4465	2740	1460	1201	943
Sowahc	120	107	99	181	155	194	372	520	511
Sox12	243	67	79	281	122	122	287	177	130
Sox4	221	479	166	157	277	347	101	358	355
Sox5	43	52	50	10	6	14	10	55	9
Sox5os3	2	4	3	0	0	0	0	10	1
Sp100	1502	1859	5842	729	847	3329	318	318	1816
Spag4	38	16	12	32	24	10	24	35	19
Spata13	1447	1051	1372	481	374	414	378	227	253
Spata6	386	273	510	96	90	152	62	55	68
Spdl1	31	47	79	102	112	135	214	308	392
Spic	3	0	1	2	1	7	3	0	3
Spire1	25	34	112	159	123	191	226	96	346
Spn	204	176	236	108	120	188	50	61	88
Spns2	371	148	102	9	4	8	3	15	1
Spns3	217	147	128	23	24	11	11	35	9
Spo11	69	74	108	8	12	22	8	0	3
Spp1	19	12	30	55	40	69	14	0	23
Spr	52	25	16	39	29	17	72	146	32
Spred1	68	95	110	208	302	288	222	469	440
Spry4	1	0	1	5	17	8	3	15	15
Spryd4	150	83	57	118	125	83	165	86	100
Sqstm1	3251	973	1329	2534	1444	2040	4381	2346	3059
Srgap2	631	629	816	356	332	390	317	298	277
Srm	530	212	147	1185	718	576	1696	1069	882
Srms	25	8	5	4	1	0	1	15	0
Srpk3	909	452	356	135	123	60	47	20	9
Ssbp3	345	209	190	151	105	129	110	96	91
Ssh1	1206	907	956	422	343	396	294	247	266
Ssh2	2616	3476	3920	1415	1587	1877	1026	842	1126
Sspn	176	112	350	75	31	185	41	20	70
St13	618	927	985	1743	1884	2466	1902	1927	3135
St3gal1	1094	1449	1166	342	469	334	263	172	317
St3gal6	257	306	395	82	122	147	55	50	105
St6gal1	1951	2018	1230	1143	1393	949	591	429	319
St6galnac3	479	327	354	169	82	142	57	10	42
St6galnac4	734	549	459	1580	1153	879	1773	1377	1099
Stac2	247	113	108	46	32	49	14	55	9
Stag3	42	38	45	65	57	70	98	111	95
Stard8	117	92	70	32	38	35	27	20	12
Stat2	909	746	1844	558	491	1187	422	293	714
Stat5a	670	400	426	1338	788	890	1361	661	1011
Stip1	783	582	817	1355	1028	1526	1703	1216	1974
Stk10	2129	1685	1524	793	745	625	569	499	405
Stk17b	1926	3579	2816	1324	2150	1900	716	736	1039
Stk26	206	349	382	115	180	154	78	40	106
Stom	37	27	90	20	19	93	16	5	59
Stoml1	918	459	521	221	244	176	194	257	124
Stoml2	385	194	160	444	368	230	589	636	281
Stradb	281	300	279	171	201	206	168	141	158
Strap	522	563	437	1041	1053	897	1296	1372	1415
Stum	40	39	25	13	8	20	10	15	9
Stx11	121	106	104	208	184	173	303	293	390
Stx17	310	426	434	188	249	257	170	177	233
Stx2	138	101	129	54	50	80	57	86	83
Stx3	2	9	20	34	27	72	53	66	115
Sult2b1	7	4	5	26	10	7	16	25	4
Supv3l1	193	224	239	457	407	447	572	620	624
Surf2	260	199	217	451	351	469	523	459	604
Susd1	558	539	573	143	135	185	77	76	88
Susd3	853	287	252	95	91	67	50	40	29
Suv39h2	19	17	28	63	76	79	77	81	137
Sv2a	49	41	38	44	52	46	32	35	17
Sv2b	0	3	0	6	32	6	3	20	0
Svil	402	502	422	257	255	293	185	207	167
Swap70	4290	6422	6922	8490	7816	9812	13077	13160	16393
Swi5	530	360	426	509	491	541	650	419	684
Syce2	48	16	30	57	34	63	77	40	75
Syk	9169	9619	6942	2220	3075	1653	2058	3223	1512
Syne1	913	1295	1265	781	937	932	307	439	404
Syne2	717	803	837	382	431	410	150	156	157
Syne3	1111	971	783	608	697	514	318	454	252
Syngr2	7236	1788	2460	5073	2209	2586	7719	2174	3463
Synpo	41	17	24	112	71	70	50	55	17
Syt11	154	124	132	94	93	55	78	86	47
Sytl3	3	8	1	13	9	13	24	35	37
Tacc2	23	18	16	174	150	174	72	61	46
Taf4b	176	237	238	538	500	553	669	807	778
Taf5l	479	259	248	537	450	372	657	494	449
Tagap	149	279	156	813	1153	685	720	1594	613
Tagln2	1047	378	606	917	661	713	956	393	657
Taok3	1112	1010	1452	805	605	927	788	303	916
Tarbp1	253	294	238	573	561	402	657	1054	505
Tas1r3	51	36	34	30	19	4	16	15	4
Tbc1d10c	4385	1890	1294	556	626	268	312	267	72
Tbc1d14	868	1068	749	699	776	579	560	454	353
Tbc1d16	6	7	11	18	11	17	29	76	41
Tbc1d24	12	23	25	41	44	51	54	66	49
Tbc1d30	23	28	26	172	161	128	208	232	152
Tbl3	745	337	186	990	722	413	1337	1559	501
Tbrg4	681	489	382	1109	906	702	1424	953	811
Tbx6	185	99	140	38	34	18	16	50	6
Tcam1	11	16	8	35	28	22	64	116	49
Tceal9	94	81	65	110	157	198	59	71	105
Tcp11l2	609	715	494	99	160	154	41	66	54
Tctn1	342	331	277	188	199	171	115	101	69
Telo2	479	329	247	713	571	364	831	1095	492
Tespa1	150	230	238	120	145	142	95	116	97
Tet1	33	59	78	11	17	27	1	20	4
Tex9	103	128	244	63	66	77	41	61	60
Tfap4	162	92	67	289	154	140	306	131	153
Tfdp1	116	164	99	272	368	274	377	459	388
Tfdp2	186	322	411	113	179	234	82	161	151
Tg	13	15	15	9	4	7	0	25	0
Tgfb3	13	7	13	43	28	15	8	5	1
Thap6	95	103	71	49	62	56	26	25	45
Thbd	41	31	18	6	14	11	1	5	3
Themis2	1217	754	764	483	428	396	222	172	121
Thg1l	143	124	132	210	180	187	246	288	222
Thop1	304	119	123	494	306	230	637	409	321
Thra	63	43	42	10	22	27	5	40	5
Thyn1	72	59	55	112	100	88	156	111	153
Ticam2	67	167	110	156	199	159	185	217	286
Timm10	121	53	26	156	137	91	242	146	125
Timm50	518	203	166	545	349	292	650	257	282
Timm8b	136	68	66	107	106	110	129	101	143
Timm9	147	173	166	324	310	298	392	222	512
Tk2	700	425	371	273	272	223	197	217	105
Tlcd1	48	48	48	119	85	97	117	131	109
Tlr1	539	964	811	150	215	160	126	131	185
Tlr12	108	74	41	13	28	8	12	35	3
Tlr3	7	20	94	7	7	22	4	30	15
Tlr4	109	251	198	81	147	98	55	86	73
Tlr6	82	95	104	24	43	17	15	35	32
Tm6sf1	245	244	207	96	128	95	28	30	18
Tma16	100	231	209	462	512	586	582	414	872
Tmbim1	185	112	90	256	157	171	295	232	220
Tmc3	1	0	1	1	1	7	1	15	4
Tmcc3	216	147	271	81	44	67	80	91	115
Tmed8	689	1113	984	483	632	489	439	489	469
Tmem108	63	22	32	18	16	10	13	45	14
Tmem120b	68	77	53	98	104	63	178	293	184
Tmem140	144	96	151	51	39	88	27	25	52
Tmem147	337	154	103	294	255	133	375	177	158
Tmem173	1434	806	877	325	328	243	504	298	373
Tmem185b	256	214	153	326	278	243	329	267	243
Tmem198b	265	166	152	111	88	70	83	50	32
Tmem2	203	252	202	136	172	117	80	106	69
Tmem229b	716	738	690	355	422	310	246	212	166
Tmem26	60	88	106	16	48	21	9	35	15
Tmem5	167	138	161	210	168	199	232	308	236
Tmem50b	332	335	375	254	245	288	231	61	190
Tmem51	203	30	30	291	68	154	216	55	87
Tmem63a	458	338	244	146	160	121	107	86	68
Tmem71	141	119	119	27	45	45	10	10	8
Tmem97	80	51	54	108	112	81	152	96	144
Tmtc4	31	56	81	124	191	129	85	111	105
Tmx4	206	335	370	154	196	237	122	197	155
Tnf	83	75	88	129	110	145	152	76	198
Tnfaip3	613	1008	853	1402	1868	1667	2190	3672	3229
Tnfaip8l2	1163	270	222	141	105	79	96	40	29
Tnfrsf10b	34	53	44	65	134	94	125	192	135
Tnfrsf21	32	44	40	90	81	66	98	121	79
Tnfrsf23	5	1	9	5	5	15	5	20	17
Tnfrsf8	5	3	5	13	3	13	23	20	26
Tnfrsf9	17	2	12	50	23	34	41	30	20
Tnfsf4	9	12	21	21	43	21	65	166	119
Tnik	15	14	15	20	17	20	8	45	3
Tnnt2	1	3	1	4	0	4	5	25	3
Tnrc6b	2584	3537	3998	1805	2023	2220	1347	1074	1614
Tomm40	1132	412	276	1332	848	513	1661	1544	639
Tomm5	71	39	34	80	108	34	107	202	72
Tomm7	391	151	100	184	170	98	275	177	137
Top1mt	117	61	53	199	145	136	253	126	167
Tpcn1	645	429	376	203	157	156	90	61	55
Tpd52	372	660	518	335	476	434	216	212	245
Tpd52l2	392	349	288	420	442	351	507	509	488
Tpm4	595	800	652	404	593	482	353	323	363
Trac	21	7	12	48	43	58	25	0	18
Traf1	1472	739	972	1786	1510	1340	4175	2608	3243
Traf3ip3	2529	2021	2012	568	746	607	314	252	291
Traf5	1550	731	1418	296	204	497	186	91	410
Treml2	1463	1161	1611	681	801	1201	282	187	487
Trib3	72	26	28	82	103	67	136	353	92
Trim14	454	253	433	155	143	230	87	131	141
Trim16	9	31	24	21	77	52	17	20	12
Trim25	1452	1674	2234	820	800	1382	516	464	944
Trim30b	249	310	1417	48	91	392	17	35	137
Trim34a	640	1074	1283	117	231	541	54	86	248
Trim34b	18	33	32	5	13	7	1	0	1
Trim36	96	192	145	74	76	65	70	76	55
Trim37	180	269	263	424	430	506	468	873	619
Trim46	4	8	3	1	9	4	8	5	1
Trim59	200	608	479	140	281	253	89	111	170
Trmt12	222	157	158	86	97	67	98	177	63
Trmt61a	276	183	125	638	471	285	858	525	357
Trnau1ap	298	186	137	370	282	242	452	555	312
Trp53	1267	897	875	1087	1027	939	1596	1039	1255
Trp53i11	2106	1270	1087	330	365	272	173	86	121
Tsc22d3	1667	2103	536	320	573	201	207	247	130
Tspan13	652	475	436	310	359	324	197	197	143
Tspan32	1709	1304	1090	536	571	462	464	262	372
Tspoap1	198	145	112	94	125	97	105	151	64
Tspyl4	115	112	70	43	45	20	20	25	5
Tsr1	297	580	446	1308	1374	1146	1648	1796	1631
Tsr2	156	123	131	220	199	249	288	247	325
Ttbk1	210	84	54	9	17	7	14	20	0
Ttc27	173	290	239	626	687	591	736	494	727
Ttc28	313	130	186	164	80	110	109	141	73
Ttc38	251	143	92	63	79	39	43	50	20
Ttll1	47	30	28	12	10	11	7	10	14
Ttyh2	17	9	7	11	6	6	6	20	13
Tuba1c	149	102	37	194	263	112	271	288	141
Tubb6	53	14	37	67	35	48	107	30	58
Twnk	213	199	154	409	387	310	485	631	406
Twsg1	182	285	367	765	822	921	501	252	528
Txndc16	649	1315	1193	643	954	974	315	348	318
Txnip	5385	3677	2948	1331	1263	1139	917	701	869
Txnl1	329	278	264	493	449	484	575	479	649
Txnl4a	146	134	124	169	157	114	218	111	197
Txnrd1	558	504	685	1857	1239	1587	2146	1478	1696
Txnrd3	112	107	65	324	239	198	386	242	296
Uap1l1	370	169	96	650	483	410	430	282	161
Uba7	1852	1066	1860	374	402	799	384	378	459
Ube2a	206	152	156	220	238	279	271	177	367
Ube2cbp	44	41	30	84	73	83	115	146	77
Ube2e3	153	165	170	195	222	289	348	227	525
Ubiad1	336	168	141	361	271	239	403	131	226
Uck2	523	392	354	1099	834	692	1424	984	1144
Umps	197	213	165	389	371	274	462	288	401
Ung	135	85	83	283	153	150	356	298	193
Uqcc2	149	46	20	149	111	63	226	141	101
Uqcrq	558	153	135	494	316	232	644	343	280
Urb1	487	679	514	1247	1176	923	1472	1201	1213
Urb2	294	454	317	849	924	629	979	863	901
Usf3	1284	1834	2332	1029	1185	1480	862	777	1274
Usp31	337	570	528	946	1060	1015	1046	1044	1291
Utf1	19	2	5	58	20	18	88	35	40
Utp18	360	397	333	748	651	666	895	822	875
Utp20	743	1509	1267	3108	3249	2870	3661	3344	4073
Utp4	302	335	331	706	704	660	917	741	1070
Utrn	796	1205	1252	386	626	584	168	217	265
Vac14	1182	747	709	1521	1246	1168	1708	928	1234
Vamp1	819	909	846	395	484	378	283	383	227
Vat1	543	144	112	764	391	351	514	288	181
Vav3	260	459	396	519	683	538	237	313	193
Vegfa	72	56	71	235	220	322	297	388	454
Vegfb	182	59	61	292	176	202	356	187	197
Vim	3269	1647	1864	629	657	880	731	358	686
Vmn2r96	5	36	22	9	24	17	8	25	17
Vmp1	332	400	342	656	836	807	763	520	918
Vpreb3	396	181	145	15	26	15	4	5	10
Vsir	305	137	202	385	326	244	310	267	169
Vwa1	1	0	0	1	2	4	5	5	4
Wdr13	209	254	255	163	183	132	138	106	96
Wdr19	67	49	96	37	43	49	24	45	26
Wdr34	98	40	20	86	58	35	89	192	40
Wdr4	461	253	133	636	554	291	854	1211	325
Wdr43	439	864	920	1693	1594	1838	2076	1952	2878
Wdr46	630	284	286	889	588	511	1154	842	686
Wdr55	318	144	123	348	242	265	487	338	308
Wdr5b	158	126	103	91	83	52	60	55	56
Wdr61	260	211	197	373	405	308	455	383	388
Wdr75	261	481	383	865	959	960	1020	953	1496
Wdr83os	153	132	77	190	245	159	218	303	146
Wee1	73	95	135	172	205	233	238	267	325
Wfdc21	7	8	15	1	7	3	0	10	5
Xdh	161	231	201	38	85	69	15	76	47
Xkrx	184	234	193	80	149	72	20	30	13
Xylt1	2870	1914	2457	2659	1884	2550	1792	802	1679
Yars	558	470	417	852	723	666	1055	1372	886
Yars2	214	146	121	274	231	206	332	288	250
Ybx1	1251	721	771	1872	1231	1553	2203	1427	1941
Ybx3	881	482	510	1828	1268	1276	2630	1856	1926
Ydjc	96	46	8	119	89	28	168	96	51
Ypel2	74	114	66	18	24	13	12	25	5
Ypel5	254	296	316	159	192	246	92	116	127
Zadh2	400	508	448	259	368	268	222	237	229
Zbed5	53	48	65	158	117	163	136	141	138
Zbp1	103	73	727	35	33	469	15	0	225
Zbtb20	1509	1774	2457	1075	819	1531	712	383	814
Zbtb4	2065	1058	1072	649	529	546	418	222	358
Zbtb46	256	249	172	428	393	351	920	802	717
Zbtb8a	44	35	40	32	21	25	22	20	3
Zc3h12c	87	109	193	517	433	667	579	419	831
Zc3h6	206	215	368	128	119	142	139	91	189
Zcchc18	105	69	51	23	28	17	9	15	1
Zcchc24	141	151	125	46	54	45	20	55	13
Zer1	1828	1057	922	716	683	461	510	383	332
Zfas1	520	339	306	631	557	546	856	757	916
Zfp202	70	69	50	142	149	126	190	121	184
Zfp287	104	113	128	52	61	48	45	71	33
Zfp318	2055	3320	2293	1619	2201	1855	1046	898	1224
Zfp354c	49	84	103	52	40	59	37	20	47
Zfp365	30	37	46	43	50	46	63	61	47
Zfp36l2	1895	1493	819	850	850	468	604	358	336
Zfp467	63	48	45	14	13	24	12	20	4
Zfp593	357	113	44	358	244	163	499	661	193
Zfp608	853	779	902	405	402	333	332	247	215
Zfp61	104	104	103	44	43	41	34	50	37
Zfp783	186	201	193	418	346	316	530	550	359
Zfp821	236	172	157	64	91	111	60	96	74
Zfp831	2266	1596	1607	345	369	285	108	66	55
Zfp949	70	113	147	52	73	90	41	15	58
Zfyve28	43	14	9	11	5	6	1	35	1
Zhx3	91	121	104	55	68	97	33	81	37
Zkscan16	2	6	1	0	0	0	0	0	0
Zmiz2	3301	1980	2298	3975	2936	3154	5275	2578	3606
Zmynd11	945	1230	1237	732	756	793	602	378	668
Zmynd19	188	172	157	296	357	242	414	716	331
Znhit6	63	110	107	205	196	195	232	388	313
Znrf3	50	63	67	157	142	184	135	156	171
Zpr1	719	440	426	778	692	587	1012	943	755
Zrsr1	117	97	152	91	52	87	58	5	79
